1:ItNr	2:Metric	3:StepSize	4:||Gradient||	Time[ms]
0	-0.806477	627.201626	0.014239	1165.5
1	-0.889034	623.504937	0.057537	1.4
2	-0.852576	619.865785	0.025441	1.2
3	-0.939318	616.282728	0.043820	1.4
4	-0.879511	612.754375	0.039582	1.3
5	-0.554112	609.279381	0.010612	1.5
6	-0.330202	605.856447	0.006304	1.2
7	-0.632694	602.484317	0.012105	1.2
8	-0.874822	599.161779	0.049760	1.2
9	-0.278699	595.887656	0.007897	1.2
10	-0.434957	592.660813	0.015578	1.1
11	-0.785698	589.480151	0.042782	1.2
12	-0.992441	586.344606	0.060087	1.2
13	-0.795915	583.253145	0.015715	1.1
14	-1.009397	580.204771	0.059174	1.1
15	-0.498359	577.198517	0.012216	1.1
16	-0.651601	574.233444	0.019437	1.2
17	-0.438431	571.308645	0.005607	1.2
18	-0.383758	568.423237	0.005965	1.3
19	-0.440575	565.576365	0.020248	1.4
20	-0.512790	562.767201	0.016192	1.2
21	-0.799977	559.994938	0.023641	1.2
22	-0.452012	557.258797	0.010957	1.2
23	-1.054870	554.558018	0.043694	1.1
24	-0.553009	551.891865	0.026601	1.1
25	-0.463653	549.259621	0.010927	1.1
26	-0.701074	546.660592	0.013994	1.2
27	-0.610778	544.094102	0.020521	1.1
28	-1.103816	541.559494	0.028766	1.1
29	-0.344545	539.056129	0.011185	1.2
30	-0.560012	536.583387	0.015739	1.1
31	-0.539345	534.140663	0.015165	2.1
32	-0.565730	531.727370	0.013351	1.4
33	-0.587024	529.342935	0.024446	1.2
34	-0.913557	526.986802	0.037535	1.2
35	-0.479418	524.658430	0.018286	1.2
36	-0.057612	522.357290	0.002566	1.1
37	-0.171287	520.082868	0.004684	1.1
38	-0.544665	517.834665	0.030880	1.1
39	-0.659276	515.612193	0.027695	1.2
40	-0.698928	513.414976	0.018876	1.1
41	-1.028107	511.242551	0.043993	1.2
42	-0.600135	509.094468	0.037075	1.1
43	-0.802321	506.970285	0.014423	1.1
44	-0.674930	504.869574	0.026460	2.2
45	-0.895746	502.791916	0.049463	1.4
46	-0.494113	500.736903	0.011590	1.2
47	-0.368804	498.704137	0.006163	1.2
48	-0.558538	496.693228	0.016602	1.2
49	-0.920019	494.703798	0.026036	1.1
50	-0.325866	492.735476	0.008248	1.2
51	-0.305055	490.787900	0.009673	1.2
52	-0.394109	488.860718	0.007596	1.2
53	-0.557925	486.953585	0.010036	1.2
54	-0.718703	485.066164	0.033297	1.2
55	-0.450481	483.198126	0.016916	1.1
56	-1.238714	481.349149	0.042524	1.2
57	-0.551915	479.518920	0.013809	1.5
58	-0.507030	477.707132	0.032756	1.3
59	-0.269992	475.913485	0.011744	1.4
60	-0.490487	474.137684	0.013220	1.2
61	-0.382383	472.379445	0.008041	1.2
62	-0.000174	470.638485	0.000064	1.2
63	-0.872764	468.914531	0.034485	1.2
64	-0.729760	467.207315	0.017994	1.2
65	-0.408359	465.516573	0.029883	1.1
66	-0.763830	463.842050	0.021848	1.2
67	-0.560423	462.183494	0.009823	1.2
68	-0.702919	460.540658	0.034490	1.3
69	-0.967773	458.913303	0.033184	1.1
70	-0.680905	457.301192	0.028769	2.9
71	-0.576153	455.704096	0.027995	1.3
72	-0.524989	454.121787	0.029098	1.2
73	-0.781427	452.554045	0.034810	1.2
74	-0.392139	451.000653	0.004671	1.2
75	-0.549204	449.461399	0.014471	1.2
76	-0.674255	447.936075	0.014570	1.2
77	-0.488253	446.424477	0.018027	1.2
78	-0.644647	444.926406	0.012896	1.1
79	-0.656224	443.441666	0.023511	1.2
80	-0.948773	441.970065	0.031073	1.2
81	-0.932377	440.511415	0.033968	1.2
82	-0.897234	439.065533	0.032142	1.1
83	-0.727522	437.632238	0.017910	1.7
84	-0.596078	436.211351	0.016979	1.3
85	-0.932424	434.802701	0.030386	1.3
86	-0.724010	433.406117	0.007462	1.2
87	-0.851275	432.021430	0.018299	1.1
88	-0.611677	430.648479	0.022776	1.2
89	-0.935965	429.287101	0.040101	1.1
90	-0.422769	427.937140	0.014809	1.1
91	-0.918151	426.598440	0.033721	1.2
92	-0.699507	425.270849	0.031569	1.2
93	-0.043403	423.954220	0.000645	1.2
94	-0.607928	422.648404	0.021506	1.2
95	-0.163521	421.353259	0.008972	1.2
96	-0.816389	420.068643	0.018212	1.2
97	-0.052635	418.794419	0.000872	3.2
98	-0.587278	417.530451	0.030624	1.2
99	-0.739764	416.276604	0.020308	1.2
100	-0.421258	415.032748	0.020490	1.2
101	-0.574574	413.798754	0.021225	1.1
102	-0.825456	412.574495	0.038387	1.2
103	-0.140334	411.359849	0.003369	1.2
104	-0.358323	410.154691	0.011957	1.2
105	-0.595124	408.958904	0.007078	1.3
106	-0.580480	407.772368	0.046561	1.1
107	-0.655606	406.594968	0.020246	1.2
108	-0.534061	405.426590	0.022647	1.1
109	-0.669987	404.267122	0.048538	1.2
110	-0.333267	403.116456	0.022196	1.2
111	-0.989990	401.974481	0.028313	1.3
112	-0.785983	400.841093	0.028343	1.2
113	-0.855538	399.716187	0.021030	1.2
114	-0.464270	398.599660	0.036181	1.2
115	-0.687821	397.491411	0.041761	1.1
116	-0.728738	396.391342	0.021665	1.1
117	-0.733669	395.299353	0.016733	1.2
118	-0.845190	394.215350	0.029461	1.2
119	-0.860732	393.139238	0.047981	1.2
120	-0.506604	392.070924	0.024755	1.1
121	-0.682613	391.010316	0.009531	1.1
122	-0.815131	389.957325	0.015995	1.1
123	-0.463981	388.911862	0.011875	1.2
124	-0.577094	387.873839	0.008464	1.2
125	-0.504269	386.843173	0.025481	1.5
126	-0.822266	385.819777	0.035044	1.2
127	-0.568373	384.803569	0.021196	1.2
128	-1.000233	383.794468	0.032070	1.2
129	-0.730875	382.792393	0.027927	1.2
130	-0.782014	381.797264	0.016977	1.2
131	-0.871718	380.809005	0.029746	1.2
132	-1.094820	379.827537	0.049529	1.2
133	-0.735033	378.852786	0.023513	1.1
134	-0.806118	377.884678	0.016928	1.2
135	-0.535086	376.923138	0.012772	1.1
136	-0.906819	375.968095	0.028133	2.0
137	-1.064914	375.019479	0.041715	1.2
138	-0.743965	374.077218	0.024236	1.2
139	-0.907877	373.141244	0.067611	1.2
140	-0.791692	372.211489	0.024815	1.2
141	-0.308899	371.287887	0.010974	1.2
142	-0.638898	370.370370	0.011619	1.1
143	-1.012451	369.458876	0.032225	1.1
144	-0.810547	368.553338	0.032319	1.1
145	-1.102990	367.653696	0.024926	1.1
146	-0.666945	366.759885	0.033188	1.2
147	-0.094727	365.871846	0.003987	1.8
148	-0.926710	364.989518	0.052707	1.2
149	-0.898660	364.112841	0.017213	1.2
150	-0.686999	363.241757	0.013125	1.4
151	-0.236546	362.376208	0.005598	1.5
152	-0.936703	361.516137	0.032485	1.2
153	-0.628560	360.661488	0.011199	1.3
154	-0.498914	359.812206	0.005143	1.2
155	-0.796914	358.968236	0.030001	1.3
156	-0.364711	358.129524	0.008576	1.2
157	-0.614946	357.296018	0.040618	1.1
158	-0.905588	356.467665	0.014088	1.2
159	-0.639203	355.644414	0.005158	1.2
160	-0.366905	354.826213	0.004956	1.2
161	-0.634526	354.013012	0.029406	1.2
162	-0.015490	353.204763	0.002026	1.1
163	-0.950698	352.401415	0.027909	1.5
164	-0.444902	351.602922	0.026394	1.8
165	-0.597698	350.809235	0.010922	1.2
166	-0.490190	350.020308	0.006307	1.2
167	-0.667225	349.236095	0.018637	1.1
168	-0.452093	348.456550	0.016949	1.1
169	-0.677167	347.681627	0.039101	1.2
170	-0.717887	346.911283	0.042104	1.1
171	-1.143819	346.145474	0.034953	1.1
172	-0.581256	345.384157	0.006693	1.1
173	-0.764281	344.627288	0.024119	1.1
174	-0.573307	343.874826	0.006172	1.3
175	-0.757059	343.126729	0.013006	1.1
176	-0.798677	342.382957	0.037121	1.2
177	-0.788703	341.643469	0.048288	1.1
178	-0.583649	340.908224	0.015548	1.1
179	-0.663237	340.177184	0.007758	1.1
180	-0.391136	339.450309	0.018024	1.1
181	-0.660102	338.727561	0.007538	1.2
182	-0.550752	338.008902	0.024413	1.1
183	-0.849953	337.294295	0.030655	1.2
184	-0.573969	336.583703	0.019545	1.1
185	-0.470840	335.877089	0.005034	1.2
186	-0.536316	335.174416	0.007505	1.2
187	-0.706832	334.475651	0.028992	1.2
188	-1.160089	333.780756	0.026753	1.2
189	-0.921037	333.089698	0.025125	1.2
190	-0.679983	332.402443	0.018535	1.1
191	-0.346756	331.718955	0.005610	1.1
192	-0.705418	331.039203	0.010147	1.2
193	-0.812182	330.363153	0.033173	1.2
194	-0.687186	329.690771	0.011413	1.1
195	-0.998111	329.022027	0.046759	1.1
196	-0.906755	328.356888	0.029475	1.1
197	-1.007811	327.695322	0.040998	1.1
198	-0.914336	327.037299	0.048411	1.2
199	-0.865000	326.382787	0.022506	1.2
200	-0.856605	325.731758	0.021390	1.2
201	-0.579250	325.084179	0.005287	1.1
202	-0.470898	324.440023	0.012921	1.2
203	-0.764385	323.799258	0.041019	1.1
204	-0.678781	323.161858	0.013738	1.1
205	-0.212094	322.527792	0.007671	1.1
206	-0.591953	321.897034	0.029337	1.2
207	-0.627777	321.269554	0.011923	1.1
208	-0.750042	320.645325	0.018168	1.1
209	-0.614664	320.024320	0.033436	1.2
210	-0.608213	319.406512	0.009242	1.2
211	-0.521761	318.791875	0.025611	1.1
212	-1.100462	318.180381	0.047685	1.2
213	-1.056129	317.572005	0.036030	1.2
214	-0.415262	316.966721	0.020201	1.1
215	-0.965403	316.364504	0.023701	1.1
216	-0.782288	315.765329	0.016725	1.2
217	-0.720902	315.169170	0.037561	1.1
218	-0.789965	314.576003	0.034989	1.1
219	-0.805340	313.985804	0.042826	1.1
220	-0.930526	313.398548	0.023500	1.1
221	-0.595833	312.814213	0.018768	1.1
222	-0.594428	312.232773	0.018025	1.2
223	-0.888027	311.654207	0.016088	1.1
224	-0.902454	311.078491	0.045203	1.1
225	-0.251493	310.505602	0.007687	1.1
226	-0.934980	309.935518	0.053452	1.1
227	-0.533175	309.368217	0.006855	1.1
228	-0.603924	308.803676	0.053556	1.1
229	-0.841563	308.241874	0.038981	1.1
230	-0.639418	307.682789	0.010776	1.2
231	-0.891780	307.126400	0.025929	1.1
232	-0.727257	306.572687	0.013568	1.1
233	-0.625417	306.021627	0.038226	1.1
234	-0.696563	305.473201	0.038534	1.2
235	-1.052675	304.927388	0.027556	1.1
236	-0.466241	304.384168	0.005580	1.2
237	-0.283647	303.843521	0.017482	1.1
238	-1.074046	303.305427	0.047684	1.1
239	-0.716540	302.769867	0.033035	1.1
240	-0.578556	302.236821	0.014161	1.3
241	-1.150224	301.706270	0.050333	1.1
242	-0.686632	301.178196	0.028879	1.2
243	-0.451707	300.652580	0.018562	1.2
244	-0.593237	300.129402	0.019166	1.1
245	-0.775231	299.608645	0.019341	1.1
246	-0.272809	299.090291	0.006131	1.2
247	-0.695948	298.574321	0.032963	1.2
248	-1.086745	298.060718	0.049612	1.1
249	-0.601090	297.549465	0.032659	1.1
250	-0.846468	297.040543	0.038911	1.2
251	-0.881780	296.533936	0.045449	1.2
252	-0.705850	296.029626	0.010938	1.1
253	-0.661260	295.527597	0.012854	1.1
254	-0.960013	295.027832	0.030960	1.2
255	-0.757836	294.530315	0.015705	1.1
256	-0.748541	294.035028	0.012222	1.1
257	-0.694116	293.541956	0.036703	1.2
258	-0.581498	293.051083	0.008306	1.2
259	-0.774484	292.562393	0.014707	1.2
260	-0.680203	292.075870	0.023405	1.1
261	-0.802574	291.591498	0.028086	1.1
262	-1.073421	291.109263	0.039022	1.2
263	-0.877250	290.629149	0.033066	1.2
264	-0.726399	290.151140	0.008256	1.1
265	-0.573150	289.675222	0.004874	1.2
266	-0.762380	289.201380	0.017607	1.1
267	-0.122869	288.729600	0.010235	1.1
268	-0.641389	288.259866	0.042441	1.2
269	-0.680329	287.792165	0.007748	1.1
270	-0.934376	287.326481	0.060144	1.1
271	-0.675991	286.862802	0.030858	1.2
272	-0.692571	286.401113	0.022545	1.2
273	-1.024390	285.941400	0.044361	1.1
274	-0.798893	285.483649	0.032589	1.1
275	-0.605921	285.027847	0.019803	1.1
276	-0.588225	284.573981	0.033027	1.1
277	-0.946341	284.122037	0.022833	1.2
278	-0.682052	283.672002	0.012790	1.1
279	-0.877491	283.223863	0.028517	1.1
280	-1.060532	282.777607	0.027074	1.1
281	-0.826380	282.333221	0.026024	1.2
282	-0.659552	281.890692	0.023130	1.2
283	-0.782242	281.450008	0.028655	1.2
284	-0.889583	281.011157	0.030346	1.1
285	-0.459161	280.574125	0.017158	1.2
286	-1.008745	280.138901	0.028774	1.2
287	-0.567955	279.705473	0.011478	1.2
288	-0.736670	279.273829	0.034201	1.2
289	-0.274639	278.843956	0.008694	1.1
290	-0.635053	278.415844	0.032489	1.1
291	-0.856163	277.989479	0.027156	1.1
292	-0.781053	277.564851	0.035784	1.1
293	-0.151832	277.141949	0.003904	1.2
294	-0.537944	276.720761	0.020055	1.2
295	-0.491606	276.301275	0.008361	1.1
296	-0.883095	275.883480	0.044458	1.1
297	-0.698141	275.467366	0.008023	1.2
298	-0.621152	275.052922	0.025778	1.1
299	-1.176873	274.640136	0.024770	1.1
300	-0.809934	274.228998	0.025157	1.2
301	-0.702114	273.819497	0.010994	1.2
302	-0.013169	273.411623	0.000963	1.1
303	-0.640818	273.005365	0.042707	1.1
304	-0.863271	272.600712	0.022589	1.1
305	-0.834517	272.197655	0.034856	1.2
306	-0.686928	271.796184	0.007385	1.2
307	-0.792253	271.396287	0.031160	1.2
308	-0.455553	270.997956	0.022462	1.1
309	-1.050075	270.601180	0.042608	1.1
310	-1.002966	270.205949	0.028022	1.1
311	-0.493601	269.812254	0.002157	1.1
312	-1.109341	269.420085	0.053761	1.2
313	-0.829375	269.029432	0.044281	1.2
314	-0.882822	268.640287	0.016030	1.1
315	-1.027661	268.252638	0.031729	1.1
316	-1.027913	267.866478	0.039167	1.2
317	-0.768318	267.481796	0.016178	1.2
318	-0.072600	267.098584	0.000493	1.2
319	-0.689494	266.716833	0.014676	1.2
320	-0.537553	266.336533	0.012346	1.2
321	-0.687535	265.957676	0.020874	1.2
322	-0.752718	265.580253	0.012512	1.2
323	-0.877868	265.204254	0.032125	1.3
324	-1.004030	264.829672	0.033371	1.2
325	-0.880337	264.456497	0.036965	1.2
326	-0.842239	264.084721	0.027012	1.2
327	-0.926386	263.714335	0.038955	1.1
328	-0.762959	263.345332	0.028005	1.1
329	-0.477429	262.977702	0.008164	1.1
330	-0.625298	262.611438	0.009590	1.2
331	-0.520258	262.246531	0.018272	1.2
332	-0.620203	261.882973	0.011396	1.1
333	-0.826212	261.520756	0.015837	1.3
334	-0.714620	261.159871	0.014597	1.4
335	-0.957954	260.800312	0.052530	1.2
336	-0.863772	260.442070	0.046193	1.2
337	-0.787908	260.085137	0.050740	1.2
338	-0.692835	259.729505	0.039053	1.2
339	-0.789613	259.375167	0.011837	1.2
340	-0.440318	259.022116	0.014487	1.2
341	-1.239920	258.670343	0.038283	1.2
342	-0.755123	258.319841	0.008152	1.2
343	-0.432026	257.970602	0.007896	1.2
344	-0.701725	257.622620	0.032664	1.2
345	-0.664572	257.275887	0.005368	1.2
346	-1.069667	256.930396	0.046074	1.2
347	-0.853388	256.586139	0.034098	1.1
348	-0.394837	256.243109	0.021943	1.2
349	-0.561710	255.901300	0.023771	1.2
350	-0.151460	255.560703	0.011087	1.2
351	-1.030099	255.221313	0.033196	1.2
352	-0.483957	254.883122	0.017455	1.2
353	-0.674092	254.546124	0.003617	1.2
354	-0.320080	254.210311	0.016553	1.2
355	-0.579611	253.875677	0.005047	1.2
356	-0.998112	253.542215	0.048550	1.1
357	-0.930474	253.209918	0.030066	1.1
358	-0.609293	252.878781	0.005788	1.2
359	-0.490979	252.548795	0.043823	2.0
360	-0.663376	252.219956	0.020680	1.2
361	-0.777304	251.892255	0.029021	1.2
362	-0.407537	251.565688	0.008626	1.1
363	-0.327893	251.240247	0.009730	1.1
364	-0.111382	250.915926	0.001263	1.2
365	-0.965915	250.592720	0.029084	1.1
366	-0.401660	250.270621	0.005781	1.2
367	-0.575018	249.949624	0.018404	1.1
368	-1.165845	249.629723	0.015018	1.2
369	-0.761875	249.310911	0.007332	1.2
370	-0.672449	248.993182	0.006332	1.1
371	-1.106402	248.676531	0.044061	1.3
372	-0.800281	248.360952	0.023386	1.2
373	-0.887158	248.046438	0.057745	1.1
374	-0.570341	247.732984	0.009058	1.1
375	-0.862688	247.420584	0.050904	1.1
376	-0.619222	247.109233	0.003699	1.2
377	-0.814389	246.798924	0.011875	1.1
378	-0.960356	246.489652	0.051303	1.1
379	-0.325138	246.181412	0.018907	1.1
380	-1.149807	245.874197	0.039214	1.1
381	-0.908857	245.568002	0.027725	1.1
382	-0.613151	245.262822	0.008964	1.1
383	-0.969512	244.958652	0.017668	1.2
384	-0.423334	244.655485	0.007841	1.1
385	-0.908792	244.353317	0.018529	1.3
386	-0.529994	244.052142	0.015770	1.2
387	-0.716402	243.751955	0.030874	1.1
388	-0.596596	243.452750	0.033600	1.1
389	-0.983036	243.154523	0.039813	1.2
390	-0.541202	242.857268	0.009031	1.1
391	-0.897868	242.560980	0.043097	1.1
392	-0.774112	242.265654	0.009613	1.1
393	-0.829104	241.971285	0.013834	1.1
394	-0.903691	241.677868	0.017653	1.2
395	-0.750859	241.385397	0.022757	1.2
396	-0.644750	241.093869	0.049282	1.1
397	-0.711103	240.803278	0.010916	1.2
398	-0.760095	240.513619	0.043079	1.2
399	-0.544233	240.224887	0.018354	1.2
400	-0.891916	239.937077	0.015178	1.2
401	-0.103906	239.650186	0.003163	1.1
402	-0.955297	239.364207	0.047492	1.2
403	-0.978937	239.079136	0.045940	1.2
404	-1.077026	238.794969	0.055096	1.2
405	-0.514096	238.511701	0.007845	1.2
406	-1.205644	238.229327	0.044518	1.1
407	-1.092354	237.947843	0.033171	1.1
408	-0.870920	237.667244	0.026145	1.1
409	-0.995336	237.387526	0.031997	1.1
410	-0.505842	237.108684	0.009310	1.2
411	-1.197811	236.830714	0.045328	1.1
412	-0.566711	236.553610	0.011743	1.2
413	-0.776039	236.277370	0.009887	1.2
414	-0.664002	236.001989	0.029191	1.2
415	-1.089878	235.727461	0.026968	1.2
416	-1.189140	235.453784	0.056359	1.2
417	-0.580759	235.180952	0.009331	1.2
418	-0.508703	234.908962	0.018663	1.2
419	-0.609659	234.637809	0.009377	1.2
420	-0.589520	234.367488	0.016789	1.2
421	-0.479262	234.097997	0.008967	1.2
422	-0.792975	233.829331	0.016601	1.1
423	-0.798483	233.561485	0.012068	1.1
424	-1.034280	233.294456	0.039821	1.2
425	-0.768413	233.028239	0.023598	1.2
426	-0.517438	232.762831	0.003017	1.2
427	-1.103078	232.498228	0.065904	1.2
428	-0.788799	232.234425	0.037080	1.2
429	-0.798189	231.971419	0.030999	1.1
430	-0.897957	231.709205	0.017210	1.2
431	-0.742562	231.447781	0.010947	1.2
432	-0.545586	231.187141	0.034536	1.2
433	-0.363593	230.927283	0.017683	1.2
434	-0.711651	230.668202	0.008912	1.2
435	-0.439055	230.409895	0.023069	1.2
436	-0.762217	230.152358	0.008809	1.2
437	-0.637958	229.895587	0.010997	1.1
438	-0.553164	229.639578	0.005565	1.1
439	-0.535104	229.384329	0.003008	1.1
440	-1.106908	229.129834	0.040539	1.2
441	-0.739933	228.876091	0.022502	1.1
442	-0.743440	228.623096	0.024066	1.2
443	-0.884376	228.370846	0.034673	1.2
444	-0.794940	228.119336	0.014872	1.2
445	-0.742421	227.868563	0.017950	1.1
446	-0.747072	227.618525	0.013526	1.2
447	-1.268283	227.369216	0.034688	1.1
448	-0.422689	227.120635	0.007253	1.1
449	-0.469613	226.872777	0.028727	1.2
450	-0.390690	226.625638	0.008775	1.2
451	-0.845418	226.379217	0.015910	1.1
452	-0.491798	226.133509	0.018117	1.2
453	-0.165416	225.888510	0.004106	1.1
454	-1.031211	225.644218	0.055973	1.2
455	-1.041888	225.400630	0.078239	1.1
456	-0.544067	225.157741	0.005626	1.2
457	-0.802829	224.915549	0.018388	1.2
458	-0.754774	224.674051	0.014967	1.2
459	-0.781188	224.433242	0.015957	1.1
460	-0.802408	224.193121	0.035720	1.1
461	-0.769837	223.953684	0.011004	1.1
462	-0.994953	223.714927	0.023694	1.2
463	-0.168263	223.476848	0.007119	1.3
464	-0.694981	223.239444	0.010311	1.2
465	-0.526618	223.002710	0.013865	1.1
466	-0.750853	222.766645	0.011793	1.2
467	-0.897599	222.531245	0.009613	1.1
468	-0.479208	222.296508	0.017210	1.2
469	-0.947599	222.062429	0.059218	1.2
470	-0.949332	221.829007	0.042684	1.2
471	-0.942145	221.596238	0.037899	1.1
472	-0.473450	221.364119	0.008734	1.2
473	-0.651661	221.132647	0.036774	1.1
474	-0.757955	220.901820	0.031947	1.2
475	-0.543766	220.671634	0.007519	1.2
476	-0.531254	220.442086	0.009496	1.1
477	-0.988787	220.213174	0.056576	1.2
478	-1.031424	219.984895	0.027950	1.2
479	-1.228910	219.757246	0.035055	1.1
480	-0.808692	219.530224	0.037706	1.2
481	-0.740068	219.303826	0.008369	1.1
482	-0.722773	219.078050	0.034326	1.2
483	-0.948876	218.852893	0.062558	1.2
484	-1.082450	218.628352	0.058662	1.2
485	-0.887326	218.404424	0.051205	1.9
486	-0.625183	218.181106	0.008282	1.2
487	-0.700033	217.958397	0.004701	1.2
488	-0.802827	217.736292	0.020319	1.3
489	-0.760103	217.514790	0.009610	1.2
490	-0.669737	217.293888	0.009083	1.2
491	-0.900957	217.073584	0.018016	1.2
492	-0.754407	216.853873	0.010057	1.2
493	-0.759209	216.634755	0.028845	1.3
494	-0.882640	216.416227	0.033190	1.2
495	-0.413885	216.198285	0.010690	1.2
496	-0.766908	215.980927	0.029522	1.2
497	-0.913911	215.764151	0.009861	1.3
498	-0.849541	215.547955	0.023329	1.2
499	-0.773060	215.332335	0.043078	1.2
500	-0.788042	215.117289	0.044238	1.3
501	-0.644371	214.902815	0.022884	1.2
502	-0.538550	214.688911	0.008190	1.2
503	-0.792454	214.475573	0.014581	1.2
504	-0.738506	214.262800	0.019809	1.1
505	-0.516975	214.050588	0.005904	1.2
506	-0.708967	213.838936	0.010355	1.1
507	-0.714637	213.627842	0.007855	1.1
508	-0.977623	213.417302	0.037773	1.2
509	-0.601608	213.207314	0.011562	1.2
510	-0.661975	212.997877	0.014131	1.2
511	-0.524915	212.788987	0.012165	1.2
512	-0.816719	212.580642	0.036294	1.2
513	-0.000155	212.372841	0.000048	1.1
514	-0.696514	212.165581	0.015945	1.1
515	-0.477794	211.958859	0.011734	1.2
516	-0.929442	211.752673	0.013061	1.2
517	-1.095137	211.547021	0.025877	1.1
518	-0.754628	211.341902	0.044784	1.2
519	-1.205448	211.137311	0.062204	1.2
520	-0.959385	210.933248	0.026032	1.2
521	-0.730657	210.729710	0.017376	1.1
522	-0.670614	210.526695	0.010320	1.1
523	-0.907746	210.324200	0.032036	1.1
524	-0.903454	210.122224	0.017720	1.2
525	-0.479314	209.920765	0.027465	1.1
526	-0.908406	209.719820	0.016961	1.2
527	-1.077435	209.519387	0.031643	1.2
528	-0.810295	209.319463	0.012231	1.2
529	-0.746546	209.120048	0.010510	1.1
530	-0.695673	208.921139	0.019279	1.2
531	-0.491485	208.722733	0.018182	1.2
532	-0.644363	208.524829	0.008608	1.2
533	-0.945417	208.327425	0.021181	1.2
534	-0.019430	208.130518	0.001583	1.1
535	-0.362162	207.934107	0.011248	1.1
536	-1.087131	207.738189	0.023181	1.2
537	-0.657111	207.542762	0.016578	1.2
538	-0.807817	207.347825	0.009209	1.1
539	-0.787443	207.153376	0.020368	1.2
540	-0.715525	206.959412	0.008043	1.2
541	-0.938633	206.765932	0.014358	1.1
542	-0.545956	206.572933	0.010706	1.1
543	-0.920301	206.380414	0.048146	1.2
544	-0.414156	206.188373	0.002723	1.1
545	-0.910363	205.996807	0.057277	1.2
546	-0.616818	205.805716	0.018740	1.1
547	-1.021012	205.615096	0.031052	1.2
548	-0.855626	205.424946	0.010734	1.1
549	-0.987972	205.235265	0.025195	1.2
550	-1.000954	205.046050	0.040580	1.2
551	-0.769652	204.857299	0.014607	1.1
552	-0.649423	204.669011	0.005917	1.2
553	-0.775042	204.481184	0.012504	1.2
554	-0.585460	204.293816	0.009065	1.2
555	-0.550161	204.106905	0.002751	1.2
556	-0.772269	203.920449	0.021241	1.1
557	-0.513294	203.734447	0.013028	1.1
558	-1.018772	203.548896	0.027207	1.2
559	-0.355586	203.363795	0.002542	1.2
560	-1.191342	203.179143	0.046684	1.1
561	-1.253480	202.994937	0.069066	1.1
562	-0.368974	202.811176	0.002645	1.1
563	-0.667170	202.627857	0.008300	1.1
564	-0.111624	202.444980	0.008470	1.1
565	-0.421536	202.262543	0.033241	1.1
566	-0.763324	202.080543	0.004747	1.1
567	-0.537289	201.898979	0.029635	1.1
568	-1.190734	201.717849	0.029799	1.2
569	-1.077775	201.537153	0.022576	1.1
570	-0.569979	201.356887	0.002652	1.2
571	-1.165564	201.177050	0.027100	1.2
572	-0.599659	200.997642	0.004985	1.1
573	-0.622334	200.818659	0.011639	1.2
574	-0.638405	200.640100	0.003840	1.2
575	-0.682447	200.461965	0.010552	1.1
576	-0.667881	200.284250	0.012664	1.1
577	-0.614195	200.106955	0.004281	1.1
578	-0.743981	199.930078	0.009220	1.2
579	-0.749061	199.753617	0.012490	1.2
580	-1.031013	199.577571	0.011490	1.2
581	-0.453494	199.401938	0.011764	1.1
582	-0.703368	199.226717	0.005720	1.2
583	-1.005197	199.051905	0.053085	1.2
584	-0.687927	198.877502	0.052086	1.2
585	-0.737594	198.703506	0.015423	1.2
586	-0.778806	198.529916	0.030038	1.1
587	-0.042668	198.356729	0.003909	1.2
588	-0.381896	198.183944	0.011575	1.2
589	-0.173747	198.011560	0.013639	1.2
590	-1.210557	197.839576	0.032892	1.2
591	-0.670830	197.667989	0.013477	1.1
592	-1.175598	197.496798	0.050437	1.2
593	-0.815066	197.326002	0.009997	1.2
594	-0.758022	197.155600	0.036126	1.2
595	-0.604401	196.985589	0.007513	1.1
596	-0.743601	196.815969	0.038434	1.1
597	-0.340835	196.646738	0.023315	1.2
598	-1.004580	196.477894	0.038412	1.1
599	-0.621578	196.309436	0.005667	1.1
600	-0.937396	196.141363	0.045034	1.2
601	-0.691332	195.973673	0.038125	1.1
602	-0.747952	195.806365	0.007333	1.1
603	-0.847049	195.639437	0.054094	1.1
604	-0.257874	195.472888	0.016650	1.2
605	-0.693170	195.306717	0.027063	1.1
606	-0.126285	195.140922	0.006023	1.2
607	-0.737669	194.975501	0.017852	1.1
608	-0.930208	194.810454	0.020573	1.1
609	-0.883423	194.645779	0.021199	1.1
610	-0.728892	194.481475	0.010175	1.2
611	-1.054966	194.317540	0.056143	1.2
612	-1.052177	194.153973	0.016157	1.2
613	-0.846044	193.990773	0.021789	1.2
614	-1.339023	193.827938	0.022271	1.1
615	-0.830659	193.665467	0.012668	1.2
616	-0.647029	193.503358	0.007146	1.1
617	-0.756101	193.341611	0.007821	1.1
618	-0.830512	193.180224	0.023206	1.2
619	-0.291904	193.019196	0.007945	1.1
620	-0.893034	192.858525	0.029826	1.1
621	-1.265921	192.698210	0.045113	1.1
622	-0.924545	192.538251	0.047815	1.2
623	-1.009071	192.378644	0.014993	1.2
624	-0.849806	192.219391	0.027896	1.2
625	-0.572895	192.060488	0.015378	1.2
626	-0.555409	191.901935	0.021203	1.2
627	-0.394291	191.743730	0.009073	1.1
628	-0.658493	191.585873	0.025402	1.1
629	-0.821644	191.428362	0.020791	1.2
630	-0.756522	191.271196	0.049702	1.2
631	-0.806255	191.114374	0.036646	1.1
632	-0.583458	190.957893	0.028334	1.1
633	-0.349772	190.801755	0.008716	1.2
634	-1.014328	190.645956	0.020439	1.1
635	-1.034811	190.490495	0.079934	1.2
636	-0.524623	190.335373	0.003542	1.1
637	-0.119900	190.180587	0.008404	1.2
638	-0.997149	190.026136	0.034637	1.1
639	-0.972857	189.872019	0.027944	1.2
640	-0.631537	189.718235	0.017820	1.1
641	-0.565197	189.564782	0.022746	1.2
642	-1.064716	189.411661	0.021648	1.2
643	-0.645589	189.258868	0.014865	1.1
644	-0.692851	189.106404	0.028192	1.2
645	-0.851897	188.954267	0.025819	1.2
646	-0.726766	188.802456	0.034156	1.1
647	-0.776305	188.650969	0.036890	1.2
648	-0.812192	188.499807	0.042314	1.2
649	-0.904111	188.348967	0.011812	1.1
650	-0.653672	188.198448	0.016450	1.1
651	-0.418143	188.048250	0.014198	1.1
652	-1.134709	187.898371	0.076335	1.1
653	-0.029588	187.748810	0.000329	1.1
654	-0.410905	187.599566	0.002392	1.1
655	-0.735110	187.450638	0.027648	1.9
656	-0.556963	187.302025	0.047994	1.2
657	-1.050112	187.153725	0.033429	1.2
658	-0.601765	187.005739	0.023308	1.2
659	-0.690929	186.858064	0.014377	1.2
660	-0.742072	186.710699	0.017628	1.2
661	-0.930748	186.563645	0.038946	1.2
662	-0.295450	186.416898	0.007554	1.6
663	-0.958752	186.270459	0.032838	1.2
664	-0.431491	186.124326	0.007460	1.2
665	-0.034225	185.978499	0.002040	1.1
666	-0.867358	185.832976	0.038058	1.2
667	-1.088353	185.687756	0.040778	1.2
668	-1.049984	185.542838	0.026439	1.1
669	-0.877314	185.398222	0.037592	1.2
670	-0.631023	185.253906	0.022417	1.4
671	-0.810119	185.109889	0.018804	1.1
672	-0.541905	184.966170	0.012367	1.1
673	-0.852575	184.822748	0.048325	1.2
674	-1.086435	184.679623	0.067906	1.1
675	-0.562285	184.536792	0.046184	1.1
676	-0.954673	184.394256	0.063223	1.2
677	-0.660954	184.252013	0.008809	1.2
678	-1.130739	184.110062	0.065906	1.1
679	-1.116191	183.968403	0.042472	1.1
680	-0.729622	183.827034	0.032519	1.3
681	-0.403560	183.685954	0.002731	1.2
682	-0.709110	183.545163	0.007162	1.2
683	-0.537597	183.404658	0.036258	1.2
684	-0.820048	183.264441	0.016607	1.1
685	-0.730838	183.124509	0.010428	1.1
686	-0.705545	182.984861	0.006887	1.1
687	-0.643585	182.845497	0.008011	1.2
688	-0.583358	182.706416	0.003536	1.2
689	-0.809792	182.567616	0.023587	1.1
690	-0.403784	182.429098	0.011788	1.1
691	-0.528783	182.290859	0.006184	1.2
692	-0.856913	182.152899	0.009361	1.2
693	-0.747171	182.015217	0.047334	1.2
694	-1.036944	181.877813	0.041536	1.2
695	-0.734060	181.740684	0.006505	1.2
696	-0.470903	181.603832	0.013273	1.1
697	-0.774717	181.467253	0.029892	1.2
698	-0.716790	181.330948	0.012500	1.2
699	-0.609768	181.194916	0.032359	1.1
700	-0.430349	181.059155	0.007637	1.2
701	-0.667672	180.923666	0.009599	1.1
702	-0.901166	180.788446	0.041776	1.2
703	-0.582758	180.653496	0.006739	1.1
704	-0.956513	180.518814	0.014614	1.1
705	-0.681076	180.384399	0.004849	1.2
706	-0.854477	180.250251	0.035846	1.2
707	-0.884497	180.116369	0.015431	1.2
708	-1.246735	179.982752	0.040456	1.2
709	-0.357304	179.849398	0.002682	1.1
710	-0.699525	179.716308	0.004878	1.1
711	-1.244853	179.583480	0.037118	1.1
712	-0.173163	179.450913	0.012346	1.1
713	-1.040617	179.318607	0.072981	1.2
714	-0.298692	179.186561	0.010052	1.1
715	-0.714806	179.054774	0.013111	1.2
716	-0.667947	178.923245	0.045064	1.2
717	-0.557771	178.791973	0.014690	1.1
718	-1.124911	178.660958	0.076501	1.1
719	-0.814453	178.530199	0.046183	1.2
720	-0.838443	178.399694	0.030691	1.1
721	-0.714746	178.269444	0.006099	1.2
722	-1.155019	178.139447	0.056683	1.1
723	-0.901853	178.009702	0.024156	1.1
724	-0.768558	177.880209	0.016254	1.1
725	-0.444831	177.750967	0.015294	1.2
726	-0.890444	177.621975	0.013953	1.1
727	-0.929668	177.493232	0.033893	1.2
728	-0.890618	177.364738	0.013593	1.2
729	-0.565878	177.236492	0.009001	1.2
730	-1.136171	177.108492	0.022402	1.1
731	-0.866819	176.980739	0.037407	1.2
732	-1.010690	176.853231	0.057350	1.1
733	-0.843255	176.725968	0.044427	1.2
734	-0.743195	176.598949	0.014913	1.2
735	-0.525825	176.472173	0.004396	1.2
736	-0.651629	176.345639	0.016200	1.2
737	-1.141429	176.219348	0.039053	1.2
738	-0.700298	176.093296	0.019065	1.2
739	-0.470572	175.967486	0.005251	1.2
740	-0.862920	175.841914	0.051692	1.2
741	-1.090551	175.716581	0.009999	1.2
742	-0.460368	175.591486	0.009734	1.2
743	-0.527316	175.466629	0.031715	1.2
744	-0.951300	175.342008	0.011991	1.2
745	-0.438940	175.217622	0.026058	1.2
746	-0.746280	175.093472	0.039286	1.2
747	-0.712306	174.969556	0.026910	1.2
748	-0.853438	174.845873	0.052531	1.2
749	-0.654732	174.722423	0.010185	1.2
750	-0.626921	174.599206	0.005832	1.2
751	-0.709852	174.476220	0.006422	1.2
752	-0.994110	174.353464	0.067277	1.2
753	-0.629056	174.230939	0.028819	1.2
754	-0.915756	174.108643	0.046167	1.2
755	-0.926412	173.986576	0.024030	1.2
756	-1.293257	173.864737	0.019823	1.2
757	-0.621255	173.743124	0.023306	1.2
758	-0.792538	173.621739	0.011507	1.2
759	-0.844940	173.500579	0.047588	1.2
760	-0.669758	173.379645	0.007890	1.1
761	-1.095431	173.258935	0.037432	1.2
762	-1.210410	173.138449	0.046934	1.2
763	-0.851730	173.018186	0.041659	1.2
764	-0.819818	172.898146	0.011733	1.2
765	-0.655042	172.778327	0.034352	1.2
766	-1.051818	172.658730	0.062234	1.1
767	-0.857406	172.539353	0.048011	1.2
768	-1.154832	172.420196	0.024650	1.2
769	-0.918309	172.301258	0.007740	1.2
770	-0.272699	172.182539	0.006958	1.2
771	-0.749468	172.064037	0.009403	1.2
772	-0.764189	171.945753	0.014029	1.2
773	-1.017496	171.827686	0.019006	1.2
774	-0.736651	171.709834	0.040240	1.2
775	-0.775498	171.592198	0.053173	1.2
776	-1.255073	171.474776	0.032088	1.2
777	-0.771349	171.357568	0.018907	1.2
778	-0.637408	171.240574	0.006363	1.2
779	-0.432855	171.123793	0.014041	1.2
780	-1.198440	171.007223	0.050304	1.2
781	-1.153780	170.890865	0.029233	1.2
782	-0.510000	170.774718	0.005873	1.2
783	-0.017723	170.658782	0.001050	1.2
784	-0.765162	170.543055	0.011163	1.2
785	-1.006940	170.427537	0.025992	1.1
786	-1.081612	170.312227	0.063865	1.2
787	-0.802273	170.197125	0.049052	1.1
788	-0.849464	170.082231	0.019170	1.2
789	-0.764086	169.967543	0.008383	1.2
790	-0.844090	169.853061	0.019862	1.1
791	-0.903095	169.738784	0.038733	1.2
792	-0.797963	169.624713	0.007377	1.1
793	-0.336816	169.510845	0.015481	1.2
794	-0.689212	169.397181	0.006881	1.2
795	-1.188935	169.283720	0.047869	1.2
796	-0.683092	169.170462	0.013244	1.2
797	-0.708119	169.057405	0.004499	1.2
798	-0.540271	168.944549	0.003873	1.2
799	-0.710669	168.831895	0.012203	1.2
800	-0.615905	168.719440	0.035799	1.2
801	-0.520313	168.607185	0.016823	1.2
802	-0.662302	168.495129	0.003146	1.2
803	-0.787231	168.383271	0.016672	1.2
804	-1.164861	168.271611	0.052719	1.2
805	-0.881556	168.160148	0.014970	1.2
806	-0.795310	168.048882	0.022851	1.2
807	-0.684978	167.937812	0.007095	1.2
808	-1.067348	167.826938	0.007469	1.2
809	-0.918367	167.716258	0.009403	1.2
810	-0.940426	167.605773	0.038772	1.2
811	-0.991965	167.495482	0.064583	1.1
812	-1.143715	167.385384	0.048777	1.2
813	-1.000394	167.275479	0.048857	1.2
814	-0.708318	167.165766	0.007300	1.2
815	-0.533496	167.056245	0.009808	1.2
816	-1.115920	166.946915	0.018753	1.2
817	-0.646123	166.837776	0.006894	1.2
818	-0.786643	166.728826	0.007097	1.1
819	-1.153068	166.620067	0.047126	1.1
820	-0.476009	166.511496	0.034837	1.2
821	-0.746465	166.403113	0.011233	1.1
822	-0.829345	166.294919	0.009277	1.2
823	-0.637526	166.186912	0.055465	1.2
824	-1.013556	166.079091	0.026877	1.3
825	-1.205258	165.971458	0.052785	1.2
826	-0.840056	165.864009	0.019597	1.2
827	-0.435234	165.756747	0.014502	1.2
828	-0.659212	165.649669	0.013270	1.2
829	-1.144273	165.542775	0.031384	1.2
830	-0.910007	165.436065	0.023190	1.2
831	-0.659294	165.329538	0.004923	1.4
832	-0.551839	165.223194	0.005633	1.2
833	-0.894704	165.117032	0.012173	1.2
834	-1.000407	165.011052	0.032193	1.2
835	-0.350166	164.905253	0.009687	1.2
836	-0.751446	164.799635	0.013887	1.2
837	-0.514546	164.694197	0.008504	1.1
838	-0.937729	164.588939	0.010280	1.2
839	-0.514200	164.483859	0.016131	1.4
840	-0.900623	164.378959	0.020192	1.2
841	-1.034968	164.274237	0.058680	1.1
842	-0.565381	164.169692	0.001951	1.2
843	-0.817002	164.065325	0.012820	1.2
844	-0.884057	163.961135	0.019516	1.1
845	-0.610383	163.857120	0.022989	1.2
846	-0.937644	163.753282	0.021402	1.2
847	-0.698746	163.649619	0.043031	1.2
848	-0.645377	163.546130	0.008352	1.2
849	-0.484722	163.442816	0.004423	1.1
850	-1.000370	163.339676	0.031418	1.2
851	-0.979933	163.236709	0.007720	1.1
852	-0.666807	163.133915	0.006647	1.2
853	-0.772001	163.031294	0.021612	1.1
854	-0.236826	162.928844	0.008550	1.2
855	-0.652531	162.826566	0.013006	1.1
856	-0.679038	162.724459	0.038413	1.1
857	-1.005153	162.622523	0.013576	1.2
858	-1.020066	162.520757	0.014246	1.1
859	-0.629385	162.419160	0.006905	1.1
860	-1.217514	162.317733	0.037978	1.2
861	-0.893599	162.216474	0.055053	1.2
862	-0.727933	162.115383	0.016836	1.2
863	-0.849772	162.014461	0.024204	1.1
864	-0.034839	161.913705	0.002989	1.2
865	-0.526531	161.813117	0.014136	1.2
866	-0.950841	161.712695	0.009858	1.2
867	-0.505091	161.612439	0.005791	1.2
868	-1.161943	161.512349	0.042884	1.1
869	-0.850561	161.412424	0.046254	1.1
870	-0.990708	161.312663	0.065615	1.2
871	-0.833525	161.213067	0.021107	1.1
872	-1.123288	161.113635	0.037873	1.1
873	-1.144993	161.014366	0.053576	1.1
874	-0.390370	160.915260	0.014693	1.2
875	-0.649778	160.816316	0.016427	1.2
876	-0.969272	160.717535	0.013583	1.1
877	-0.549954	160.618915	0.004706	1.1
878	-0.576930	160.520456	0.012052	1.2
879	-0.780132	160.422158	0.017146	1.1
880	-0.920122	160.324021	0.011439	1.2
881	-0.977244	160.226043	0.050479	1.1
882	-0.784571	160.128225	0.013047	1.2
883	-0.617696	160.030566	0.003983	1.1
884	-1.040276	159.933066	0.086964	1.1
885	-0.950312	159.835723	0.060702	1.2
886	-0.968466	159.738539	0.015278	1.1
887	-0.902709	159.641512	0.019983	1.1
888	-0.403614	159.544642	0.005250	1.1
889	-0.520207	159.447929	0.011566	1.1
890	-0.874642	159.351372	0.006244	1.2
891	-0.386470	159.254971	0.004976	1.2
892	-0.709152	159.158725	0.007615	1.2
893	-0.500067	159.062634	0.007816	1.1
894	-0.847973	158.966697	0.016157	1.2
895	-0.894816	158.870915	0.012613	1.2
896	-0.816677	158.775286	0.008556	1.2
897	-0.648253	158.679811	0.008244	1.2
898	-1.083562	158.584489	0.034512	1.2
899	-0.575674	158.489319	0.007043	1.1
900	-0.297804	158.394302	0.005006	1.1
901	-1.058654	158.299436	0.011850	1.2
902	-0.588687	158.204721	0.011009	1.2
903	-0.812583	158.110158	0.013046	1.2
904	-0.699825	158.015745	0.010667	1.2
905	-1.147315	157.921482	0.020875	1.1
906	-0.969996	157.827369	0.042800	1.1
907	-0.759008	157.733406	0.009978	1.1
908	-1.169062	157.639591	0.025517	1.1
909	-0.656903	157.545925	0.005111	1.1
910	-0.983588	157.452408	0.013086	1.2
911	-1.135365	157.359038	0.087621	1.2
912	-0.743374	157.265816	0.012905	1.1
913	-0.810896	157.172741	0.049189	1.2
914	-0.377354	157.079813	0.019893	1.1
915	-0.424820	156.987031	0.011125	1.2
916	-0.763540	156.894395	0.011990	1.2
917	-0.717063	156.801904	0.037849	1.5
918	-0.997102	156.709559	0.034143	1.2
919	-0.886287	156.617359	0.021881	1.2
920	-0.738460	156.525304	0.016871	1.2
921	-0.724784	156.433392	0.007372	1.1
922	-0.846713	156.341624	0.016531	1.2
923	-0.441019	156.250000	0.004245	1.2
924	-1.150611	156.158519	0.056966	1.2
925	-1.180022	156.067180	0.032197	1.2
926	-0.712144	155.975984	0.007962	1.2
927	-0.807348	155.884930	0.014724	1.1
928	-1.007563	155.794017	0.019805	1.1
929	-0.513713	155.703246	0.013034	1.2
930	-1.185222	155.612615	0.024264	1.2
931	-1.154496	155.522125	0.030013	1.1
932	-0.837315	155.431775	0.053367	1.2
933	-1.151817	155.341565	0.035992	1.2
934	-1.087739	155.251495	0.041962	1.2
935	-0.723592	155.161563	0.011877	1.2
936	-0.390897	155.071771	0.020824	1.2
937	-1.061340	154.982117	0.040502	1.1
938	-0.577030	154.892601	0.008124	1.2
939	-0.868432	154.803222	0.022704	1.2
940	-0.846623	154.713981	0.015751	1.1
941	-0.636996	154.624878	0.017184	1.1
942	-0.471392	154.535910	0.007811	1.1
943	-0.992633	154.447080	0.017575	1.1
944	-0.855853	154.358385	0.039389	1.2
945	-0.327761	154.269826	0.005442	1.2
946	-0.677085	154.181402	0.005025	1.2
947	-0.695495	154.093114	0.005108	1.2
948	-1.161431	154.004960	0.059913	1.1
949	-0.543648	153.916940	0.014542	1.2
950	-0.653562	153.829054	0.042988	1.2
951	-0.487578	153.741303	0.004425	1.2
952	-0.954403	153.653684	0.024458	1.1
953	-0.768311	153.566198	0.028728	1.2
954	-0.790985	153.478846	0.010777	1.2
955	-0.008602	153.391625	0.000976	1.2
956	-0.394179	153.304537	0.006453	1.1
957	-0.577489	153.217580	0.016150	1.2
958	-0.683318	153.130755	0.028445	1.1
959	-0.702178	153.044061	0.006884	1.1
960	-0.542565	152.957498	0.004630	1.1
961	-0.827451	152.871065	0.017171	1.2
962	-1.186828	152.784762	0.054410	1.1
963	-0.456675	152.698589	0.004283	1.2
964	-1.116695	152.612545	0.060587	1.2
965	-0.962103	152.526631	0.032319	1.2
966	-0.427981	152.440845	0.002880	1.1
967	-0.722435	152.355188	0.055814	1.2
968	-0.905291	152.269660	0.034839	1.1
969	-0.607219	152.184259	0.007700	1.1
970	-0.845871	152.098986	0.011732	1.2
971	-0.349708	152.013840	0.002346	1.2
972	-0.614973	151.928821	0.017475	1.1
973	-0.777134	151.843928	0.014327	1.2
974	-0.680963	151.759163	0.019555	1.2
975	-0.741026	151.674523	0.008888	1.2
976	-0.501019	151.590009	0.003456	1.1
977	-1.095674	151.505620	0.043566	1.2
978	-0.533493	151.421357	0.003120	1.1
979	-0.873758	151.337218	0.037544	1.2
980	-1.166048	151.253204	0.016520	1.2
981	-0.984548	151.169314	0.008912	1.1
982	-0.873076	151.085549	0.020181	1.1
983	-1.092257	151.001907	0.022342	1.1
984	-0.646203	150.918388	0.003171	1.1
985	-1.143710	150.834992	0.056361	1.1
986	-0.545739	150.751719	0.035633	1.1
987	-0.967619	150.668569	0.010283	1.1
988	-0.992105	150.585541	0.008478	1.1
989	-0.997891	150.502634	0.056357	1.2
990	-0.754561	150.419849	0.009447	1.2
991	-0.862163	150.337186	0.012062	1.1
992	-0.616232	150.254644	0.005031	1.2
993	-0.787944	150.172222	0.009230	1.2
994	-0.349816	150.089921	0.001877	1.2
995	-0.239846	150.007740	0.012028	1.2
996	-0.960539	149.925679	0.014324	1.2
997	-0.746522	149.843737	0.008385	1.2
998	-0.593565	149.761915	0.007532	1.2
999	-0.572518	149.680212	0.018067	1.2
1000	-0.936974	149.598627	0.057092	1.2
1001	-1.114623	149.517161	0.045853	1.3
1002	-0.593930	149.435814	0.002605	1.3
1003	-0.723428	149.354584	0.016452	1.2
1004	-0.830832	149.273472	0.015447	1.2
1005	-0.579071	149.192477	0.002379	1.2
1006	-1.094183	149.111599	0.015958	1.2
1007	-1.038796	149.030838	0.030011	1.1
1008	-0.724175	148.950194	0.012539	1.2
1009	-0.898601	148.869666	0.089291	1.4
1010	-1.033305	148.789253	0.020726	1.2
1011	-0.562755	148.708957	0.026123	1.2
1012	-0.731243	148.628776	0.019339	1.2
1013	-0.673436	148.548710	0.026508	1.2
1014	-0.893297	148.468759	0.011539	1.2
1015	-1.239444	148.388923	0.064718	1.2
1016	-0.703267	148.309201	0.011943	1.2
1017	-0.473131	148.229594	0.022685	1.2
1018	-0.918911	148.150100	0.014842	1.2
1019	-0.450463	148.070719	0.014172	1.3
1020	-0.804871	147.991452	0.008513	1.2
1021	-1.014820	147.912298	0.046728	1.2
1022	-0.785683	147.833257	0.043160	1.2
1023	-1.138280	147.754329	0.064305	1.2
1024	-1.035485	147.675512	0.024673	1.2
1025	-0.495967	147.596808	0.004030	1.2
1026	-0.904675	147.518216	0.036249	1.2
1027	-0.929527	147.439735	0.054276	1.2
1028	-0.704905	147.361365	0.006100	1.1
1029	-0.721016	147.283106	0.030857	1.1
1030	-0.954125	147.204958	0.013613	1.2
1031	-0.576534	147.126920	0.002349	1.1
1032	-0.849126	147.048993	0.014197	1.2
1033	-0.402626	146.971175	0.002739	1.1
1034	-0.429097	146.893468	0.001953	1.1
1035	-0.765212	146.815869	0.007586	1.1
1036	-0.827961	146.738380	0.035376	1.2
1037	-1.048853	146.661000	0.047057	1.2
1038	-0.776815	146.583729	0.008888	1.2
1039	-0.774800	146.506566	0.009169	1.2
1040	-0.640447	146.429511	0.008655	1.1
1041	-0.808097	146.352565	0.039528	1.2
1042	-0.688002	146.275726	0.009237	1.1
1043	-0.673432	146.198994	0.007455	1.2
1044	-0.105367	146.122370	0.001631	1.1
1045	-1.018713	146.045853	0.042352	1.2
1046	-0.801158	145.969442	0.009912	1.1
1047	-0.726307	145.893139	0.067371	1.1
1048	-1.008309	145.816941	0.026659	1.1
1049	-0.617910	145.740849	0.022298	1.2
1050	-0.034796	145.664863	0.003835	1.2
1051	-0.814019	145.588983	0.008213	1.2
1052	-0.851434	145.513208	0.012704	1.2
1053	-0.374318	145.437538	0.001835	1.2
1054	-0.711974	145.361973	0.008369	1.2
1055	-0.591438	145.286513	0.054512	1.1
1056	-1.061117	145.211157	0.037781	1.1
1057	-0.872690	145.135905	0.024642	1.1
1058	-0.338376	145.060757	0.007269	1.1
1059	-0.705306	144.985712	0.004910	1.1
1060	-1.115875	144.910771	0.043353	1.2
1061	-1.109980	144.835934	0.051663	1.2
1062	-0.375257	144.761199	0.023020	1.2
1063	-1.075781	144.686567	0.053040	1.1
1064	-1.215807	144.612037	0.033111	1.2
1065	-0.567455	144.537610	0.005273	1.2
1066	-0.558415	144.463285	0.012661	1.1
1067	-0.905585	144.389062	0.036593	1.1
1068	-0.724366	144.314940	0.006642	1.2
1069	-0.672158	144.240920	0.023426	1.2
1070	-1.029836	144.167001	0.030574	1.1
1071	-0.848600	144.093182	0.008223	1.2
1072	-1.206471	144.019465	0.014125	1.2
1073	-1.096366	143.945848	0.060429	1.1
1074	-1.015314	143.872331	0.014768	1.1
1075	-0.476460	143.798914	0.014448	1.2
1076	-0.882585	143.725597	0.007844	1.1
1077	-0.613254	143.652380	0.005424	1.2
1078	-1.224903	143.579262	0.053045	1.2
1079	-0.559376	143.506243	0.014098	1.2
1080	-0.800747	143.433323	0.042426	1.1
1081	-0.963803	143.360502	0.038745	1.2
1082	-1.085372	143.287780	0.061782	1.2
1083	-1.204508	143.215155	0.027404	1.2
1084	-1.226079	143.142629	0.015907	1.2
1085	-0.865400	143.070201	0.047455	1.2
1086	-0.670064	142.997870	0.007518	1.2
1087	-0.698976	142.925637	0.016300	1.2
1088	-0.636382	142.853501	0.017196	1.2
1089	-0.647195	142.781462	0.040497	1.1
1090	-0.836718	142.709519	0.011908	1.2
1091	-0.701350	142.637674	0.006602	1.2
1092	-1.076643	142.565924	0.019072	1.2
1093	-0.456685	142.494271	0.002522	1.2
1094	-1.183545	142.422714	0.025946	1.1
1095	-0.812287	142.351252	0.009409	1.2
1096	-0.555636	142.279886	0.002943	1.2
1097	-0.823671	142.208616	0.026501	1.2
1098	-0.458448	142.137440	0.018870	1.2
1099	-0.475300	142.066360	0.010650	1.2
1100	-0.462493	141.995374	0.006564	1.2
1101	-1.311441	141.924483	0.030846	1.2
1102	-0.387784	141.853685	0.006720	1.2
1103	-0.697341	141.782983	0.006312	1.1
1104	-0.799294	141.712373	0.008439	1.1
1105	-0.686875	141.641858	0.013951	1.1
1106	-0.890220	141.571436	0.028704	1.2
1107	-0.794516	141.501108	0.020147	1.2
1108	-0.789690	141.430872	0.019354	1.2
1109	-0.535027	141.360730	0.012921	1.2
1110	-0.405982	141.290680	0.025403	1.1
1111	-0.834244	141.220722	0.011394	1.2
1112	-0.595057	141.150857	0.032959	1.2
1113	-0.774896	141.081084	0.038644	1.2
1114	-0.891858	141.011403	0.012959	1.2
1115	-0.212721	140.941813	0.009531	1.2
1116	-0.055851	140.872315	0.004286	1.2
1117	-1.028628	140.802909	0.082339	1.2
1118	-0.681986	140.733593	0.007688	1.2
1119	-0.797252	140.664369	0.064416	1.2
1120	-0.816359	140.595235	0.009459	1.2
1121	-0.685322	140.526192	0.008672	1.2
1122	-1.024010	140.457239	0.045591	1.2
1123	-0.920949	140.388376	0.040653	1.2
1124	-0.786616	140.319603	0.005870	1.1
1125	-0.901703	140.250920	0.048191	1.2
1126	-1.104613	140.182326	0.050853	1.2
1127	-0.444408	140.113822	0.030936	1.2
1128	-1.150600	140.045407	0.054497	1.2
1129	-0.628802	139.977081	0.046343	1.2
1130	-1.011550	139.908844	0.029718	1.2
1131	-0.559725	139.840696	0.010350	1.2
1132	-0.756739	139.772635	0.012316	1.2
1133	-0.640962	139.704664	0.016827	1.2
1134	-1.223074	139.636780	0.069270	1.2
1135	-0.930470	139.568984	0.007365	1.2
1136	-0.885687	139.501276	0.011429	1.2
1137	-0.787645	139.433655	0.010284	1.2
1138	-1.025685	139.366122	0.047627	1.2
1139	-1.107220	139.298676	0.100313	1.2
1140	-0.559570	139.231317	0.014616	1.2
1141	-0.796708	139.164045	0.008612	1.1
1142	-0.467486	139.096859	0.003702	1.2
1143	-0.665392	139.029760	0.005195	1.2
1144	-0.683811	138.962747	0.032494	1.2
1145	-0.437352	138.895820	0.004376	1.2
1146	-0.797487	138.828978	0.043422	1.1
1147	-0.868268	138.762223	0.028677	1.1
1148	-0.774837	138.695553	0.049120	1.2
1149	-0.679577	138.628969	0.025841	1.2
1150	-0.666939	138.562469	0.008079	1.2
1151	-0.710511	138.496055	0.007640	1.2
1152	-1.086424	138.429725	0.056579	1.2
1153	-0.982029	138.363481	0.047115	1.2
1154	-0.154342	138.297320	0.010816	1.2
1155	-0.803667	138.231244	0.005835	1.2
1156	-0.563782	138.165252	0.016069	1.2
1157	-0.530193	138.099344	0.033649	1.1
1158	-0.998449	138.033520	0.011980	1.2
1159	-0.717837	137.967779	0.026165	1.2
1160	-1.056171	137.902122	0.038123	1.2
1161	-0.845508	137.836548	0.010102	1.2
1162	-0.657700	137.771057	0.041929	1.2
1163	-0.804978	137.705649	0.038463	1.2
1164	-0.762806	137.640324	0.005925	1.2
1165	-1.012499	137.575081	0.058344	1.3
1166	-0.687490	137.509921	0.044901	1.2
1167	-0.828878	137.444842	0.015789	1.2
1168	-0.545340	137.379846	0.023262	1.2
1169	-0.886873	137.314932	0.013186	1.2
1170	-0.837514	137.250100	0.008055	1.2
1171	-1.074271	137.185349	0.076647	1.5
1172	-1.136735	137.120680	0.058826	1.8
1173	-0.000765	137.056092	0.000038	1.2
1174	-0.487428	136.991585	0.005815	1.2
1175	-0.421714	136.927158	0.003172	1.2
1176	-0.983021	136.862813	0.069829	1.2
1177	-0.863188	136.798548	0.011543	1.2
1178	-0.579115	136.734363	0.004466	1.4
1179	-0.504172	136.670259	0.006630	1.2
1180	-0.975785	136.606235	0.066560	1.2
1181	-0.299754	136.542291	0.017131	1.1
1182	-0.723527	136.478426	0.010280	1.2
1183	-0.461965	136.414641	0.012920	1.2
1184	-0.634652	136.350936	0.059051	1.2
1185	-1.189163	136.287310	0.079835	1.2
1186	-0.639699	136.223763	0.010787	1.2
1187	-0.876663	136.160295	0.042341	1.2
1188	-0.509284	136.096905	0.004203	1.3
1189	-0.716773	136.033594	0.008891	1.2
1190	-0.749583	135.970362	0.009262	1.2
1191	-1.050992	135.907208	0.014072	1.2
1192	-0.814732	135.844133	0.039810	1.3
1193	-0.886298	135.781135	0.009416	1.2
1194	-0.000227	135.718215	0.000040	1.2
1195	-1.101272	135.655373	0.059859	1.2
1196	-0.597349	135.592608	0.001868	1.2
1197	-0.143013	135.529921	0.008805	1.2
1198	-0.871710	135.467311	0.051338	1.2
1199	-0.759476	135.404778	0.016572	1.2
1200	-0.864354	135.342322	0.007641	1.2
1201	-0.644754	135.279942	0.011027	1.2
1202	-0.381206	135.217640	0.007498	1.2
1203	-1.058050	135.155413	0.021762	1.2
1204	-1.011228	135.093263	0.014974	1.3
1205	-1.084092	135.031190	0.043582	1.2
1206	-0.644435	134.969192	0.003855	1.2
1207	-0.179303	134.907270	0.008786	1.2
1208	-1.025522	134.845424	0.022067	1.2
1209	-0.717293	134.783653	0.007269	1.2
1210	-0.727723	134.721958	0.007613	1.2
1211	-0.932388	134.660338	0.044011	1.2
1212	-1.229210	134.598793	0.014549	1.2
1213	-1.051565	134.537323	0.038383	1.2
1214	-0.700332	134.475927	0.033740	1.2
1215	-0.664085	134.414607	0.032843	1.2
1216	-0.682907	134.353361	0.011526	1.2
1217	-0.701717	134.292189	0.044266	1.2
1218	-0.891231	134.231092	0.015451	1.2
1219	-0.972465	134.170068	0.038647	1.2
1220	-0.809004	134.109119	0.007477	1.2
1221	-0.505742	134.048243	0.014601	1.2
1222	-1.042716	133.987441	0.038195	1.2
1223	-0.908027	133.926713	0.059918	1.2
1224	-0.580187	133.866057	0.014672	1.2
1225	-0.183020	133.805475	0.012119	1.2
1226	-0.978438	133.744966	0.033032	1.2
1227	-0.730983	133.684530	0.013934	1.2
1228	-1.067260	133.624167	0.038802	1.2
1229	-0.761562	133.563877	0.024993	1.2
1230	-1.221610	133.503658	0.084307	1.2
1231	-0.583753	133.443513	0.006130	1.2
1232	-0.838532	133.383439	0.006349	1.2
1233	-0.715877	133.323437	0.007982	1.2
1234	-0.385231	133.263508	0.018174	1.2
1235	-0.687410	133.203650	0.011638	1.2
1236	-0.942736	133.143864	0.042493	1.2
1237	-0.511828	133.084149	0.025810	1.2
1238	-0.720510	133.024506	0.011709	1.2
1239	-0.509777	132.964934	0.004469	1.3
1240	-0.866715	132.905433	0.040800	1.5
1241	-0.993473	132.846003	0.053572	1.3
1242	-0.986128	132.786643	0.018136	1.2
1243	-1.006464	132.727355	0.018853	1.2
1244	-0.994137	132.668137	0.038371	1.2
1245	-0.638294	132.608989	0.010370	1.2
1246	-0.974861	132.549912	0.031350	1.2
1247	-0.559031	132.490904	0.019866	1.2
1248	-0.817550	132.431967	0.021738	1.2
1249	-0.633697	132.373100	0.003060	1.2
1250	-0.763792	132.314302	0.021032	1.2
1251	-0.437934	132.255574	0.003564	1.2
1252	-1.151650	132.196916	0.029881	1.2
1253	-0.984193	132.138326	0.056010	1.2
1254	-0.769807	132.079806	0.012913	1.2
1255	-0.142751	132.021355	0.010581	1.2
1256	-0.922593	131.962973	0.053853	1.1
1257	-0.566368	131.904660	0.008838	1.2
1258	-0.828170	131.846415	0.052471	1.2
1259	-0.760949	131.788239	0.009180	1.2
1260	-0.774667	131.730131	0.021040	1.2
1261	-1.054487	131.672092	0.012823	1.2
1262	-0.845754	131.614121	0.007964	1.2
1263	-1.000747	131.556217	0.081451	1.2
1264	-0.905156	131.498382	0.035223	1.2
1265	-0.517640	131.440614	0.007911	1.2
1266	-0.560611	131.382914	0.042521	1.2
1267	-0.815993	131.325282	0.038751	1.2
1268	-0.243784	131.267717	0.011053	1.2
1269	-0.767479	131.210219	0.016089	1.2
1270	-0.597565	131.152788	0.015644	1.2
1271	-0.559852	131.095424	0.018417	1.2
1272	-0.644537	131.038127	0.006453	1.2
1273	-0.557206	130.980897	0.007820	1.2
1274	-1.110914	130.923733	0.048131	1.2
1275	-0.711603	130.866636	0.004387	1.2
1276	-0.912848	130.809605	0.018329	1.2
1277	-0.406395	130.752641	0.004199	1.2
1278	-0.884111	130.695742	0.019373	1.2
1279	-0.929227	130.638910	0.016052	1.2
1280	-0.821117	130.582143	0.042351	1.2
1281	-0.529657	130.525442	0.010060	1.2
1282	-0.457927	130.468807	0.021371	1.2
1283	-0.365950	130.412237	0.006228	1.2
1284	-1.110325	130.355733	0.092810	1.2
1285	-0.869002	130.299294	0.037451	1.2
1286	-0.955853	130.242920	0.016523	1.2
1287	-0.954958	130.186611	0.054458	1.3
1288	-0.480444	130.130366	0.003159	1.2
1289	-0.492088	130.074187	0.023979	1.2
1290	-0.617443	130.018072	0.018631	1.1
1291	-0.787463	129.962022	0.008365	1.2
1292	-0.682235	129.906036	0.009202	1.2
1293	-0.960644	129.850114	0.010026	1.2
1294	-0.959896	129.794257	0.009232	1.2
1295	-1.149462	129.738463	0.071001	1.2
1296	-1.134127	129.682734	0.024409	1.2
1297	-0.589078	129.627068	0.022092	1.2
1298	-0.861930	129.571466	0.008797	1.2
1299	-0.661985	129.515927	0.005535	1.2
1300	-0.718746	129.460452	0.025134	1.2
1301	-1.164078	129.405040	0.054641	1.2
1302	-0.636667	129.349692	0.034407	1.1
1303	-0.902217	129.294406	0.033680	1.2
1304	-1.117894	129.239183	0.054585	1.2
1305	-0.793802	129.184024	0.016556	1.2
1306	-0.605252	129.128927	0.006528	1.1
1307	-0.795164	129.073892	0.014614	1.2
1308	-0.511164	129.018921	0.022079	1.1
1309	-0.830073	128.964011	0.007215	1.2
1310	-1.066264	128.909164	0.069634	1.2
1311	-0.696374	128.854379	0.007246	1.2
1312	-1.021626	128.799656	0.034190	1.2
1313	-0.779971	128.744995	0.006489	1.1
1314	-0.423026	128.690396	0.018465	1.2
1315	-0.438931	128.635858	0.006490	1.2
1316	-0.456748	128.581382	0.004446	1.1
1317	-0.479385	128.526968	0.007830	1.1
1318	-0.985557	128.472615	0.068921	1.2
1319	-0.438936	128.418323	0.022574	1.2
1320	-1.030412	128.364092	0.056347	1.2
1321	-0.991652	128.309922	0.051384	1.2
1322	-0.911167	128.255814	0.024428	1.2
1323	-1.125860	128.201766	0.071520	1.2
1324	-1.041209	128.147778	0.031183	1.2
1325	-1.013477	128.093852	0.041574	1.2
1326	-0.782278	128.039985	0.008997	1.2
1327	-0.523181	127.986180	0.004316	1.2
1328	-0.686505	127.932434	0.005227	1.2
1329	-1.139777	127.878749	0.072142	2.2
1330	-0.000667	127.825123	0.000057	1.4
1331	-0.755686	127.771558	0.007730	1.4
1332	-1.121038	127.718052	0.073607	1.4
1333	-0.994930	127.664606	0.035142	1.4
1334	-0.569098	127.611220	0.030847	1.8
1335	-0.542979	127.557893	0.017668	1.3
1336	-1.109568	127.504625	0.051865	1.2
1337	-0.578620	127.451417	0.009060	1.2
1338	-0.935119	127.398268	0.052684	1.2
1339	-0.727561	127.345178	0.008550	1.2
1340	-0.081097	127.292147	0.005073	1.3
1341	-0.579492	127.239175	0.001916	1.2
1342	-0.811146	127.186261	0.043444	1.2
1343	-1.199738	127.133407	0.020488	1.2
1344	-0.469944	127.080610	0.004689	1.1
1345	-1.075216	127.027872	0.027974	1.2
1346	-0.939928	126.975193	0.079373	1.2
1347	-0.461651	126.922572	0.004891	1.2
1348	-0.569434	126.870008	0.004970	1.1
1349	-0.308646	126.817503	0.009511	1.2
1350	-0.584630	126.765056	0.010614	1.2
1351	-0.964051	126.712667	0.030068	1.2
1352	-0.965659	126.660335	0.028401	1.2
1353	-0.968707	126.608061	0.037938	1.2
1354	-0.797752	126.555844	0.008183	1.2
1355	-0.905486	126.503685	0.037110	1.2
1356	-0.992191	126.451583	0.035386	1.2
1357	-0.547297	126.399538	0.015977	1.2
1358	-0.609308	126.347550	0.010674	1.1
1359	-0.416915	126.295619	0.007927	1.2
1360	-0.889987	126.243745	0.007332	1.2
1361	-0.870493	126.191928	0.013681	1.1
1362	-0.488184	126.140168	0.002571	1.2
1363	-0.946563	126.088464	0.012063	1.2
1364	-0.215182	126.036817	0.014414	1.2
1365	-0.776624	125.985226	0.013387	1.2
1366	-0.689455	125.933691	0.043819	1.2
1367	-0.908428	125.882212	0.049743	1.2
1368	-0.894526	125.830790	0.045849	1.2
1369	-0.822557	125.779423	0.007665	1.2
1370	-0.782648	125.728113	0.011805	1.2
1371	-0.940595	125.676858	0.012292	1.1
1372	-0.867874	125.625659	0.056774	1.2
1373	-0.746536	125.574515	0.006321	1.2
1374	-1.347705	125.523427	0.020450	1.2
1375	-0.693128	125.472394	0.042436	1.2
1376	-1.153901	125.421417	0.061731	1.2
1377	-0.941541	125.370495	0.029279	1.2
1378	-1.334603	125.319628	0.034168	1.2
1379	-0.906834	125.268815	0.059159	1.2
1380	-0.366050	125.218058	0.002079	1.2
1381	-0.579282	125.167356	0.002937	1.1
1382	-1.132415	125.116708	0.008410	1.2
1383	-0.839093	125.066115	0.055824	1.2
1384	-0.750501	125.015576	0.056674	1.1
1385	-1.279924	124.965092	0.039354	1.1
1386	-0.976341	124.914662	0.030903	1.2
1387	-1.057835	124.864287	0.035280	1.2
1388	-0.664799	124.813965	0.003120	1.2
1389	-0.576296	124.763698	0.010177	1.1
1390	-0.909924	124.713485	0.016917	1.2
1391	-0.877958	124.663325	0.013733	1.2
1392	-0.755339	124.613219	0.006050	1.2
1393	-0.510132	124.563167	0.024426	1.2
1394	-0.968050	124.513168	0.040442	1.2
1395	-0.546988	124.463223	0.009065	1.2
1396	-1.050313	124.413332	0.010967	1.2
1397	-0.615606	124.363493	0.023975	1.2
1398	-0.532958	124.313708	0.002795	1.2
1399	-1.257953	124.263976	0.027374	1.2
1400	-0.994501	124.214297	0.009006	1.2
1401	-0.867930	124.164671	0.008964	1.2
1402	-0.368960	124.115097	0.017097	1.2
1403	-0.615483	124.065577	0.005779	1.2
1404	-0.678695	124.016109	0.007992	1.2
1405	-1.089532	123.966693	0.025770	1.1
1406	-1.235822	123.917330	0.071743	1.2
1407	-0.658783	123.868020	0.007268	1.2
1408	-1.109548	123.818762	0.076592	1.1
1409	-0.662491	123.769556	0.005649	1.1
1410	-0.471558	123.720402	0.034216	1.2
1411	-0.521439	123.671300	0.001795	1.2
1412	-0.750767	123.622250	0.004285	1.2
1413	-0.714191	123.573252	0.008392	1.1
1414	-0.930017	123.524305	0.061182	1.2
1415	-0.857249	123.475411	0.018510	1.2
1416	-1.132507	123.426568	0.040080	1.2
1417	-0.849075	123.377776	0.009999	1.2
1418	-1.088926	123.329036	0.050758	1.2
1419	-0.782815	123.280347	0.008571	1.2
1420	-0.797200	123.231709	0.008254	1.2
1421	-1.076132	123.183122	0.021093	1.2
1422	-1.012843	123.134587	0.068544	1.2
1423	-0.666317	123.086102	0.003752	1.2
1424	-1.216872	123.037669	0.030442	1.2
1425	-0.618493	122.989286	0.003496	1.2
1426	-0.236668	122.940954	0.017791	1.2
1427	-1.207670	122.892672	0.049466	1.2
1428	-0.575390	122.844441	0.002282	1.2
1429	-0.663918	122.796261	0.006346	1.1
1430	-1.111582	122.748130	0.015502	1.2
1431	-0.746702	122.700050	0.010014	1.2
1432	-0.431173	122.652021	0.008667	1.2
1433	-0.696956	122.604041	0.004130	1.2
1434	-0.656229	122.556111	0.002753	1.2
1435	-0.573911	122.508232	0.010119	1.2
1436	-1.123649	122.460402	0.022054	1.1
1437	-0.599843	122.412622	0.002589	1.2
1438	-0.725854	122.364891	0.007039	1.2
1439	-1.040594	122.317210	0.047854	1.2
1440	-0.765291	122.269579	0.006707	1.2
1441	-0.988516	122.221997	0.038878	1.3
1442	-0.740450	122.174465	0.006157	1.1
1443	-0.599848	122.126981	0.010609	1.1
1444	-0.764408	122.079547	0.017030	1.2
1445	-1.118789	122.032162	0.030851	1.1
1446	-0.828627	121.984826	0.006882	1.2
1447	-0.730996	121.937539	0.006970	1.2
1448	-0.704072	121.890301	0.005398	1.2
1449	-0.618603	121.843112	0.009429	1.2
1450	-0.377942	121.795971	0.019102	1.2
1451	-0.468851	121.748879	0.026651	1.2
1452	-0.666003	121.701835	0.009400	1.2
1453	-0.835601	121.654840	0.007133	1.2
1454	-0.982091	121.607893	0.013256	1.2
1455	-0.698906	121.560994	0.010448	1.1
1456	-1.206845	121.514144	0.010595	1.2
1457	-1.152214	121.467342	0.010988	1.2
1458	-0.641638	121.420588	0.008722	1.1
1459	-0.648112	121.373882	0.011998	1.2
1460	-0.628673	121.327223	0.010127	1.2
1461	-1.243327	121.280613	0.037419	1.2
1462	-0.811548	121.234050	0.015788	1.2
1463	-0.916621	121.187535	0.008641	1.2
1464	-0.826104	121.141067	0.012776	1.2
1465	-1.008397	121.094647	0.008688	1.2
1466	-0.480637	121.048274	0.029849	1.2
1467	-0.742250	121.001949	0.008169	1.3
1468	-0.992328	120.955671	0.010582	1.2
1469	-0.584044	120.909440	0.007569	1.2
1470	-1.037851	120.863256	0.022197	1.2
1471	-0.725404	120.817119	0.012340	1.2
1472	-0.903306	120.771029	0.011226	1.1
1473	-0.769301	120.724986	0.036697	1.2
1474	-0.594669	120.678990	0.007142	1.1
1475	-0.372445	120.633040	0.002372	1.2
1476	-0.545212	120.587137	0.005171	1.2
1477	-1.043000	120.541281	0.007370	1.2
1478	-0.968765	120.495471	0.017894	1.2
1479	-0.959377	120.449707	0.038085	1.2
1480	-1.058294	120.403990	0.008548	1.2
1481	-0.806023	120.358319	0.006340	1.2
1482	-0.623486	120.312694	0.007780	1.2
1483	-0.054782	120.267115	0.003354	1.2
1484	-1.143936	120.221582	0.006957	1.2
1485	-0.945832	120.176096	0.023119	1.2
1486	-0.867361	120.130655	0.046849	1.2
1487	-1.241900	120.085260	0.039212	1.2
1488	-1.098799	120.039910	0.053380	1.2
1489	-0.941225	119.994606	0.006284	1.2
1490	-0.834721	119.949348	0.010862	1.2
1491	-0.361653	119.904135	0.010552	1.2
1492	-0.720100	119.858968	0.007161	1.1
1493	-0.891670	119.813846	0.009771	1.2
1494	-0.400411	119.768769	0.006486	1.2
1495	-1.243000	119.723738	0.011780	1.2
1496	-0.488353	119.678752	0.004214	1.2
1497	-1.018426	119.633810	0.031260	1.8
1498	-0.524301	119.588914	0.004086	1.2
1499	-0.478591	119.544062	0.002677	1.2
1500	-0.643414	119.499256	0.005915	1.2
1501	-0.868246	119.454494	0.014692	1.2
1502	-0.722197	119.409777	0.005869	1.2
1503	-1.303025	119.365104	0.034586	1.2
1504	-1.064612	119.320476	0.016669	1.4
1505	-1.202577	119.275893	0.043992	1.2
1506	-0.929623	119.231353	0.023769	1.2
1507	-1.126162	119.186859	0.007124	1.2
1508	-0.373991	119.142408	0.002560	1.4
1509	-1.119964	119.098002	0.108568	1.2
1510	-1.090838	119.053639	0.012393	1.2
1511	-0.889231	119.009321	0.048195	1.2
1512	-0.837262	118.965047	0.027040	1.2
1513	-1.055094	118.920816	0.011014	1.2
1514	-0.296718	118.876630	0.010684	1.2
1515	-1.270481	118.832487	0.026445	1.2
1516	-1.107250	118.788388	0.011066	1.2
1517	-0.927376	118.744332	0.034649	1.2
1518	-0.684124	118.700320	0.008215	1.2
1519	-1.156569	118.656352	0.056738	1.2
1520	-0.780634	118.612427	0.007601	1.2
1521	-0.538896	118.568545	0.002937	1.2
1522	-0.406251	118.524706	0.004760	1.2
1523	-0.758444	118.480911	0.007147	1.2
1524	-0.779812	118.437159	0.007072	1.2
1525	-0.618947	118.393450	0.007971	1.2
1526	-0.583519	118.349784	0.006303	1.2
1527	-0.653113	118.306160	0.008760	1.2
1528	-0.897250	118.262580	0.006600	1.1
1529	-1.042072	118.219042	0.014597	1.2
1530	-0.543704	118.175548	0.002013	1.2
1531	-0.743740	118.132095	0.004544	1.2
1532	-0.519740	118.088686	0.008739	1.2
1533	-0.598066	118.045319	0.014744	1.2
1534	-1.015585	118.001994	0.026640	1.2
1535	-0.744118	117.958712	0.008851	1.2
1536	-1.284126	117.915472	0.058758	1.2
1537	-0.146214	117.872274	0.005196	1.2
1538	-0.724026	117.829118	0.006812	1.2
1539	-1.216874	117.786005	0.044130	1.2
1540	-1.119172	117.742933	0.013474	1.2
1541	-1.085172	117.699904	0.008630	1.2
1542	-1.102285	117.656916	0.041530	1.1
1543	-0.545994	117.613971	0.027122	1.2
1544	-0.885344	117.571067	0.045402	1.2
1545	-1.151008	117.528205	0.010107	1.2
1546	-0.876628	117.485384	0.070668	1.2
1547	-0.798236	117.442605	0.008695	1.2
1548	-0.395195	117.399867	0.002918	1.2
1549	-1.044153	117.357171	0.065344	1.2
1550	-0.546926	117.314517	0.015820	1.2
1551	-0.756432	117.271903	0.024126	1.2
1552	-0.884221	117.229331	0.021371	1.2
1553	-0.983726	117.186800	0.010154	1.2
1554	-0.584515	117.144311	0.003445	1.2
1555	-1.047159	117.101862	0.047810	1.2
1556	-1.279134	117.059454	0.049488	1.2
1557	-0.770614	117.017087	0.024012	1.1
1558	-0.940694	116.974762	0.006198	1.2
1559	-0.670469	116.932476	0.004024	1.2
1560	-0.233643	116.890232	0.006705	1.3
1561	-1.048910	116.848028	0.016486	1.2
1562	-0.489840	116.805865	0.001889	1.2
1563	-0.808734	116.763743	0.008566	1.2
1564	-1.135338	116.721661	0.018985	1.2
1565	-0.675311	116.679619	0.012605	1.2
1566	-1.034232	116.637618	0.027942	1.2
1567	-0.395562	116.595657	0.016040	1.2
1568	-1.050863	116.553736	0.006926	1.2
1569	-0.804082	116.511855	0.006127	1.2
1570	-1.100285	116.470015	0.011067	1.1
1571	-1.028828	116.428214	0.009772	1.2
1572	-0.912679	116.386454	0.009340	1.2
1573	-0.516269	116.344733	0.009478	1.2
1574	-0.619881	116.303052	0.015086	1.2
1575	-1.145937	116.261412	0.081904	1.2
1576	-0.711594	116.219810	0.002722	1.2
1577	-0.394783	116.178249	0.004017	1.2
1578	-0.686462	116.136727	0.008869	1.2
1579	-0.485105	116.095245	0.002353	1.2
1580	-0.734150	116.053802	0.017610	1.2
1581	-0.750572	116.012398	0.039999	1.2
1582	-0.997641	115.971034	0.037060	1.2
1583	-1.057921	115.929710	0.043915	1.2
1584	-0.358341	115.888424	0.002212	1.2
1585	-1.138868	115.847178	0.009158	1.2
1586	-0.754469	115.805970	0.007102	1.2
1587	-0.870189	115.764802	0.012642	1.2
1588	-1.184893	115.723673	0.020559	1.2
1589	-0.669372	115.682583	0.010277	1.2
1590	-0.857902	115.641532	0.007233	1.2
1591	-1.054236	115.600519	0.009286	1.2
1592	-1.015778	115.559546	0.012451	1.2
1593	-0.858979	115.518610	0.021109	1.2
1594	-1.074919	115.477714	0.011311	1.2
1595	-0.905163	115.436856	0.019399	1.2
1596	-1.010009	115.396037	0.046748	1.2
1597	-0.744421	115.355256	0.008537	1.2
1598	-0.813814	115.314514	0.010150	1.2
1599	-0.578175	115.273810	0.007507	1.1
1600	-0.639300	115.233144	0.004681	1.2
1601	-0.716160	115.192517	0.010622	1.2
1602	-0.950674	115.151927	0.012900	1.2
1603	-1.136307	115.111376	0.028605	1.2
1604	-0.786242	115.070863	0.007584	1.2
1605	-1.127733	115.030388	0.015992	1.2
1606	-0.595227	114.989951	0.002023	1.2
1607	-1.083871	114.949551	0.009643	1.2
1608	-0.428122	114.909190	0.002719	1.2
1609	-0.950175	114.868866	0.061813	1.1
1610	-0.542065	114.828580	0.001577	1.1
1611	-1.245907	114.788332	0.035493	1.1
1612	-1.071537	114.748121	0.012587	1.2
1613	-0.610067	114.707948	0.031864	1.2
1614	-0.716366	114.667812	0.009215	1.2
1615	-0.555588	114.627714	0.003295	1.2
1616	-0.514954	114.587653	0.009028	1.2
1617	-0.877884	114.547629	0.009423	1.2
1618	-0.537419	114.507643	0.002424	1.2
1619	-1.020767	114.467693	0.006693	1.2
1620	-0.879174	114.427781	0.012189	1.2
1621	-0.565239	114.387907	0.010825	1.1
1622	-0.667494	114.348069	0.005018	1.2
1623	-0.294637	114.308268	0.016503	1.2
1624	-0.979769	114.268504	0.058102	1.2
1625	-0.744049	114.228777	0.009114	1.2
1626	-0.959233	114.189086	0.034856	1.2
1627	-0.973348	114.149433	0.013628	1.2
1628	-0.647924	114.109816	0.010810	1.2
1629	-0.487572	114.070235	0.004380	1.2
1630	-0.675203	114.030692	0.008234	1.2
1631	-0.784521	113.991185	0.004665	1.2
1632	-1.033030	113.951714	0.077367	1.2
1633	-0.741737	113.912280	0.006639	1.2
1634	-1.226679	113.872882	0.073640	1.2
1635	-1.015451	113.833521	0.011886	1.2
1636	-0.827821	113.794195	0.030777	1.1
1637	-0.919895	113.754906	0.009832	1.1
1638	-0.977552	113.715653	0.012209	1.2
1639	-0.842039	113.676437	0.060345	1.1
1640	-1.300661	113.637256	0.048734	1.1
1641	-0.956382	113.598111	0.054119	1.2
1642	-1.152050	113.559002	0.013674	1.2
1643	-0.730877	113.519929	0.010623	1.2
1644	-0.405973	113.480892	0.003226	1.2
1645	-0.644115	113.441891	0.001933	1.2
1646	-0.811662	113.402925	0.022378	1.2
1647	-0.623621	113.363995	0.008546	1.2
1648	-0.804905	113.325101	0.007810	1.2
1649	-0.741775	113.286242	0.010985	1.2
1650	-0.978855	113.247419	0.010303	1.7
1651	-0.640522	113.208631	0.007944	1.4
1652	-0.511792	113.169879	0.003650	1.4
1653	-0.847092	113.131162	0.026097	1.2
1654	-1.259142	113.092480	0.043119	1.2
1655	-0.658939	113.053833	0.045605	1.2
1656	-0.705845	113.015222	0.008566	1.2
1657	-0.690619	112.976646	0.006964	1.2
1658	-1.028474	112.938105	0.008376	1.2
1659	-1.103798	112.899599	0.025960	1.2
1660	-1.141654	112.861128	0.008057	1.2
1661	-1.045449	112.822692	0.015917	1.2
1662	-0.366599	112.784291	0.016262	1.2
1663	-0.402591	112.745924	0.030173	1.2
1664	-0.775067	112.707593	0.012527	1.2
1665	-0.732722	112.669296	0.016172	4.7
1666	-1.175932	112.631034	0.016785	1.2
1667	-0.754135	112.592806	0.023945	1.6
1668	-0.945232	112.554613	0.029474	1.2
1669	-0.918520	112.516455	0.011443	1.2
1670	-1.290740	112.478331	0.034540	1.2
1671	-0.631456	112.440241	0.013234	1.2
1672	-0.518458	112.402186	0.001861	1.2
1673	-0.746607	112.364165	0.006176	1.2
1674	-0.690364	112.326179	0.010176	1.3
1675	-1.251253	112.288227	0.053664	1.2
1676	-0.850422	112.250309	0.006300	1.2
1677	-0.725792	112.212425	0.040948	1.2
1678	-0.710093	112.174575	0.019597	1.2
1679	-1.053858	112.136759	0.022225	1.2
1680	-0.563266	112.098977	0.019890	1.1
1681	-0.851141	112.061229	0.009825	1.2
1682	-1.176568	112.023515	0.039320	1.2
1683	-0.891569	111.985834	0.009419	1.2
1684	-1.015578	111.948188	0.059900	1.2
1685	-1.061704	111.910575	0.048762	1.2
1686	-0.475984	111.872996	0.005243	1.2
1687	-0.815360	111.835450	0.023749	1.1
1688	-0.307262	111.797939	0.021752	1.1
1689	-0.599605	111.760460	0.011197	1.2
1690	-1.027553	111.723015	0.018067	1.2
1691	-0.905679	111.685604	0.033997	1.2
1692	-0.788197	111.648226	0.006825	1.2
1693	-0.703963	111.610881	0.008800	1.2
1694	-0.514138	111.573570	0.004476	1.2
1695	-0.511142	111.536292	0.003947	1.2
1696	-0.655329	111.499047	0.013002	1.2
1697	-0.837171	111.461835	0.004709	1.2
1698	-0.780279	111.424656	0.012328	1.2
1699	-0.704052	111.387510	0.005116	1.1
1700	-1.189285	111.350398	0.035939	1.2
1701	-0.911890	111.313318	0.094682	1.2
1702	-0.786598	111.276271	0.022221	1.2
1703	-0.695723	111.239257	0.009441	1.2
1704	-0.773092	111.202276	0.007977	1.2
1705	-0.782566	111.165328	0.008189	1.2
1706	-0.549163	111.128412	0.003915	1.2
1707	-0.677883	111.091529	0.010611	1.2
1708	-0.544022	111.054679	0.015251	1.2
1709	-0.388922	111.017861	0.003594	1.2
1710	-0.937283	110.981076	0.011725	1.2
1711	-0.886109	110.944323	0.020952	1.2
1712	-0.941085	110.907603	0.012231	1.2
1713	-0.817996	110.870915	0.013214	1.2
1714	-1.143702	110.834259	0.051958	1.2
1715	-0.295922	110.797636	0.004793	1.2
1716	-0.607789	110.761045	0.028710	1.2
1717	-1.283606	110.724486	0.052695	1.3
1718	-0.927778	110.687959	0.028635	1.2
1719	-0.005183	110.651465	0.000054	1.2
1720	-0.991288	110.615002	0.055818	1.1
1721	-0.981311	110.578572	0.032643	1.2
1722	-0.432212	110.542173	0.002490	1.2
1723	-0.858332	110.505807	0.028099	1.2
1724	-0.764945	110.469472	0.016989	1.2
1725	-1.057783	110.433169	0.009631	1.2
1726	-0.935388	110.396898	0.019452	1.2
1727	-0.997755	110.360659	0.056296	1.2
1728	-0.603517	110.324451	0.011537	1.2
1729	-0.767537	110.288276	0.009362	1.2
1730	-0.356962	110.252131	0.008369	1.2
1731	-0.756608	110.216019	0.008201	1.1
1732	-0.656785	110.179937	0.006281	1.1
1733	-0.459089	110.143888	0.002926	1.2
1734	-1.180655	110.107869	0.030111	1.2
1735	-1.298358	110.071882	0.049339	1.2
1736	-0.596137	110.035927	0.010822	1.2
1737	-0.645012	110.000003	0.010678	1.2
1738	-0.889243	109.964110	0.014927	1.2
1739	-0.572754	109.928248	0.002495	1.2
1740	-1.255820	109.892417	0.074081	1.1
1741	-1.087939	109.856618	0.103550	1.1
1742	-0.613280	109.820850	0.010354	1.1
1743	-0.644885	109.785112	0.008945	1.2
1744	-0.826039	109.749406	0.029954	1.2
1745	-0.743176	109.713730	0.034245	1.2
1746	-1.146221	109.678086	0.045615	1.2
1747	-0.946549	109.642472	0.021321	1.2
1748	-0.677399	109.606890	0.008417	1.1
1749	-0.413181	109.571337	0.006197	1.2
1750	-0.566319	109.535816	0.002309	1.2
1751	-0.000848	109.500326	0.000391	1.2
1752	-1.150773	109.464866	0.015733	1.2
1753	-0.620063	109.429436	0.009931	1.2
1754	-0.994950	109.394038	0.030032	1.3
1755	-0.750434	109.358669	0.007349	1.2
1756	-0.721475	109.323331	0.055984	1.2
1757	-0.926051	109.288024	0.013392	1.2
1758	-0.786891	109.252747	0.047712	1.2
1759	-1.191849	109.217501	0.040101	1.2
1760	-0.441712	109.182284	0.019316	1.2
1761	-1.258771	109.147098	0.035250	1.2
1762	-0.813786	109.111942	0.016324	1.2
1763	-1.266677	109.076817	0.068782	1.2
1764	-1.093329	109.041721	0.059461	1.2
1765	-0.795780	109.006656	0.057361	1.2
1766	-1.166393	108.971620	0.053786	1.2
1767	-1.054125	108.936615	0.037891	1.2
1768	-0.436603	108.901640	0.003295	1.2
1769	-0.795976	108.866694	0.033946	1.2
1770	-1.126276	108.831779	0.032353	1.2
1771	-0.582798	108.796893	0.012268	1.2
1772	-0.420748	108.762037	0.002128	1.2
1773	-1.217810	108.727211	0.077350	1.2
1774	-0.834624	108.692415	0.010108	1.2
1775	-0.762186	108.657648	0.011424	1.2
1776	-0.000020	108.622911	0.000006	1.2
1777	-0.594516	108.588203	0.029934	1.2
1778	-0.640452	108.553525	0.027980	1.2
1779	-0.963640	108.518877	0.006366	1.2
1780	-0.471160	108.484258	0.014550	1.2
1781	-0.702431	108.449668	0.009811	1.2
1782	-0.070744	108.415108	0.004531	1.2
1783	-0.443974	108.380578	0.004250	1.2
1784	-0.658345	108.346076	0.006825	1.2
1785	-0.855983	108.311604	0.008772	1.2
1786	-0.968313	108.277161	0.020584	1.2
1787	-1.066906	108.242747	0.015697	1.2
1788	-0.998383	108.208363	0.040672	1.2
1789	-0.931750	108.174007	0.019357	1.2
1790	-0.459454	108.139681	0.003710	1.2
1791	-0.866982	108.105383	0.012970	1.2
1792	-1.108809	108.071115	0.021318	1.2
1793	-0.836065	108.036875	0.008378	1.2
1794	-0.516502	108.002665	0.021806	1.2
1795	-0.931881	107.968483	0.024407	1.2
1796	-0.805723	107.934330	0.007610	1.2
1797	-0.989164	107.900206	0.005373	1.2
1798	-0.581655	107.866111	0.006958	1.2
1799	-0.477914	107.832044	0.001988	1.2
1800	-0.629134	107.798007	0.004558	1.3
1801	-1.228244	107.763997	0.030640	1.2
1802	-1.149390	107.730017	0.011784	1.2
1803	-0.712879	107.696065	0.009085	1.2
1804	-0.608752	107.662141	0.052959	1.2
1805	-1.205009	107.628246	0.035880	1.2
1806	-1.062405	107.594379	0.011252	1.2
1807	-0.529768	107.560541	0.002910	1.2
1808	-0.988817	107.526731	0.021332	1.2
1809	-0.762980	107.492949	0.007850	1.2
1810	-0.508636	107.459196	0.002683	1.2
1811	-1.049987	107.425471	0.062614	1.2
1812	-0.511412	107.391774	0.002186	1.2
1813	-1.088495	107.358106	0.044256	1.2
1814	-0.829949	107.324465	0.006810	1.2
1815	-0.394300	107.290853	0.004061	1.1
1816	-0.697823	107.257268	0.024032	1.2
1817	-1.156368	107.223712	0.046203	1.2
1818	-0.571780	107.190184	0.007756	1.2
1819	-1.238911	107.156683	0.058884	1.2
1820	-1.223504	107.123211	0.093324	1.2
1821	-0.863293	107.089766	0.007380	1.2
1822	-1.193355	107.056349	0.055194	1.2
1823	-1.196748	107.022960	0.022013	1.2
1824	-0.907390	106.989599	0.008210	1.2
1825	-1.044471	106.956265	0.019313	1.2
1826	-1.182794	106.922960	0.045552	1.2
1827	-0.554562	106.889681	0.026415	1.2
1828	-1.118226	106.856431	0.022567	1.2
1829	-0.938254	106.823208	0.010630	1.2
1830	-0.667161	106.790012	0.015857	1.2
1831	-0.987230	106.756844	0.061164	1.2
1832	-0.774350	106.723703	0.010265	1.2
1833	-0.794928	106.690590	0.008960	1.3
1834	-0.785068	106.657505	0.018129	1.2
1835	-0.740724	106.624446	0.034213	1.6
1836	-0.877765	106.591415	0.008676	1.2
1837	-0.969187	106.558411	0.048773	1.4
1838	-1.210812	106.525435	0.011155	1.2
1839	-0.659778	106.492485	0.006586	1.2
1840	-0.988418	106.459563	0.043534	1.2
1841	-0.649158	106.426668	0.004457	1.2
1842	-1.205849	106.393800	0.012815	1.2
1843	-0.564014	106.360959	0.001911	1.2
1844	-0.762001	106.328145	0.009160	1.2
1845	-0.915045	106.295358	0.024875	1.2
1846	-1.196376	106.262598	0.009080	1.2
1847	-0.697571	106.229865	0.008619	1.2
1848	-1.096801	106.197158	0.009515	1.1
1849	-0.618044	106.164479	0.010947	1.2
1850	-0.996038	106.131826	0.016868	1.2
1851	-0.807057	106.099201	0.011640	1.3
1852	-0.777834	106.066602	0.011009	1.2
1853	-0.943593	106.034029	0.010076	1.2
1854	-1.105294	106.001483	0.029509	1.2
1855	-0.526191	105.968964	0.002992	1.2
1856	-0.564734	105.936472	0.004874	1.2
1857	-0.535435	105.904006	0.008437	1.2
1858	-0.925972	105.871566	0.018668	1.2
1859	-0.813752	105.839153	0.018976	1.2
1860	-0.865087	105.806767	0.023482	1.2
1861	-0.774921	105.774407	0.005031	1.2
1862	-1.181225	105.742073	0.027381	1.2
1863	-0.561507	105.709766	0.012420	1.2
1864	-0.833075	105.677485	0.045544	1.2
1865	-0.712421	105.645230	0.004889	1.2
1866	-1.156722	105.613001	0.020942	1.2
1867	-0.711145	105.580799	0.004617	1.2
1868	-1.192910	105.548623	0.060447	1.2
1869	-0.691007	105.516473	0.009739	1.2
1870	-0.983454	105.484349	0.013764	1.2
1871	-1.242873	105.452251	0.048154	1.2
1872	-0.776788	105.420179	0.006755	1.2
1873	-0.657140	105.388133	0.013652	1.2
1874	-0.063219	105.356113	0.002257	1.2
1875	-0.754268	105.324119	0.035122	1.2
1876	-0.914431	105.292151	0.006570	1.2
1877	-1.116656	105.260209	0.034411	1.1
1878	-0.804447	105.228293	0.059181	1.2
1879	-0.763926	105.196402	0.008359	1.2
1880	-0.716239	105.164537	0.010027	1.1
1881	-0.926970	105.132698	0.048953	1.2
1882	-0.408103	105.100885	0.015213	1.2
1883	-1.007456	105.069097	0.006645	1.2
1884	-1.110974	105.037335	0.018582	1.1
1885	-1.097502	105.005598	0.025230	1.2
1886	-0.390217	104.973887	0.019082	1.2
1887	-0.607472	104.942202	0.012159	1.2
1888	-0.625767	104.910542	0.013951	1.2
1889	-1.041663	104.878907	0.014775	1.2
1890	-0.661040	104.847298	0.005317	1.2
1891	-1.121763	104.815715	0.058726	1.2
1892	-0.840003	104.784156	0.008201	1.2
1893	-0.795833	104.752623	0.008758	1.1
1894	-0.544971	104.721116	0.005450	1.2
1895	-0.775965	104.689633	0.015874	1.2
1896	-1.098771	104.658176	0.006286	1.2
1897	-0.880090	104.626744	0.009535	1.2
1898	-0.912787	104.595337	0.009694	1.2
1899	-0.864684	104.563955	0.048302	1.2
1900	-0.663376	104.532599	0.008320	1.2
1901	-0.478722	104.501267	0.014470	1.1
1902	-0.929270	104.469960	0.020354	1.2
1903	-0.440173	104.438679	0.010498	1.2
1904	-0.871219	104.407422	0.022133	1.2
1905	-0.900639	104.376191	0.009038	1.2
1906	-0.888266	104.344984	0.007087	1.2
1907	-1.111670	104.313802	0.014358	1.2
1908	-0.707259	104.282645	0.004898	1.2
1909	-0.688671	104.251513	0.008641	1.2
1910	-1.252454	104.220405	0.034610	1.2
1911	-1.259896	104.189323	0.051094	1.2
1912	-0.650301	104.158265	0.014533	1.2
1913	-1.243901	104.127231	0.029001	1.2
1914	-1.081402	104.096222	0.024322	1.2
1915	-1.204095	104.065238	0.063203	1.2
1916	-0.885291	104.034279	0.010927	1.2
1917	-0.677231	104.003344	0.008136	1.2
1918	-1.222478	103.972433	0.021185	1.2
1919	-0.630946	103.941547	0.017545	1.2
1920	-0.768325	103.910686	0.010735	1.2
1921	-0.882389	103.879849	0.005483	1.2
1922	-0.923493	103.849036	0.012118	1.2
1923	-0.930645	103.818248	0.019972	1.2
1924	-1.049584	103.787484	0.009010	1.2
1925	-0.985094	103.756744	0.027522	1.2
1926	-0.642535	103.726029	0.028955	1.2
1927	-0.453659	103.695338	0.002857	1.1
1928	-0.293594	103.664671	0.019292	1.1
1929	-1.371231	103.634028	0.016994	1.1
1930	-0.953774	103.603409	0.047379	1.2
1931	-1.116234	103.572814	0.043615	1.2
1932	-1.227517	103.542244	0.062784	1.1
1933	-0.926919	103.511698	0.073487	1.1
1934	-0.490586	103.481175	0.003741	1.2
1935	-0.876637	103.450677	0.040794	1.2
1936	-0.662813	103.420202	0.004048	1.2
1937	-0.941808	103.389752	0.061017	1.2
1938	-0.962723	103.359325	0.028166	1.2
1939	-0.701102	103.328922	0.006867	1.2
1940	-0.871478	103.298543	0.029661	1.2
1941	-0.846673	103.268188	0.012061	1.2
1942	-1.026926	103.237857	0.061345	1.2
1943	-0.949087	103.207549	0.031503	1.1
1944	-0.725630	103.177265	0.004968	1.2
1945	-0.684600	103.147005	0.008465	1.2
1946	-0.743712	103.116768	0.005546	1.2
1947	-1.121707	103.086556	0.011779	1.2
1948	-0.477408	103.056366	0.002696	1.2
1949	-1.115879	103.026200	0.009505	1.2
1950	-1.025346	102.996058	0.044621	1.2
1951	-0.876993	102.965939	0.014379	1.2
1952	-0.879440	102.935844	0.010040	1.2
1953	-0.718686	102.905772	0.008240	1.2
1954	-0.709169	102.875724	0.008869	1.1
1955	-0.749493	102.845699	0.034415	1.3
1956	-0.734481	102.815697	0.031085	1.1
1957	-1.273335	102.785719	0.017425	1.2
1958	-0.878453	102.755764	0.012979	1.2
1959	-0.395175	102.725832	0.008625	1.2
1960	-0.998083	102.695924	0.009499	1.2
1961	-0.801500	102.666038	0.008796	1.2
1962	-1.108676	102.636176	0.037906	1.2
1963	-0.757452	102.606337	0.008270	1.2
1964	-0.488589	102.576521	0.020487	1.2
1965	-1.094357	102.546728	0.041991	1.2
1966	-1.087385	102.516959	0.063920	1.2
1967	-1.220606	102.487212	0.007802	1.2
1968	-0.783602	102.457488	0.006300	1.2
1969	-0.500984	102.427788	0.003270	1.2
1970	-0.414343	102.398110	0.008209	1.1
1971	-0.202138	102.368455	0.010909	1.1
1972	-0.568974	102.338823	0.002872	1.1
1973	-1.149798	102.309214	0.012593	1.2
1974	-1.038769	102.279628	0.091275	1.2
1975	-1.300824	102.250064	0.012990	1.2
1976	-0.668678	102.220524	0.007926	1.2
1977	-0.954078	102.191006	0.012136	1.2
1978	-0.615797	102.161511	0.004333	1.2
1979	-0.988734	102.132038	0.008089	1.2
1980	-0.706772	102.102588	0.006091	1.2
1981	-1.204374	102.073161	0.047942	1.2
1982	-1.094528	102.043757	0.012796	1.2
1983	-1.184324	102.014375	0.087178	1.2
1984	-1.158852	101.985015	0.051630	1.2
1985	-0.143136	101.955678	0.013390	1.1
1986	-0.580832	101.926364	0.004230	1.2
1987	-0.946605	101.897072	0.046077	1.2
1988	-0.789198	101.867802	0.008568	1.2
1989	-0.664281	101.838555	0.047829	1.2
1990	-1.158709	101.809330	0.033660	1.2
1991	-1.076968	101.780128	0.007608	1.2
1992	-0.751164	101.750948	0.007729	1.2
1993	-0.817785	101.721790	0.008708	1.2
1994	-0.705732	101.692654	0.004370	1.2
1995	-0.538776	101.663541	0.010273	1.2
1996	-0.729603	101.634450	0.008541	1.2
1997	-1.195892	101.605381	0.028558	1.2
1998	-0.562474	101.576335	0.002633	1.2
1999	-0.705743	101.547310	0.011583	1.2
