1:ItNr	2:Metric	3:StepSize	4:||Gradient||	Time[ms]
0	-0.879353	627.201626	0.064735	1231.9
1	-0.422299	623.504937	0.021824	1.2
2	-0.989166	619.865785	0.036889	1.7
3	-0.625020	616.282728	0.014998	1.2
4	-0.813476	612.754375	0.063995	1.2
5	-0.248429	609.279381	0.017233	1.1
6	-0.255726	605.856447	0.007891	1.1
7	-0.698641	602.484317	0.023666	1.1
8	-0.556731	599.161779	0.044789	1.1
9	-0.526956	595.887656	0.017770	1.1
10	-0.701285	592.660813	0.034497	1.2
11	-0.566348	589.480151	0.039514	1.1
12	-0.558513	586.344606	0.013519	1.1
13	-0.451351	583.253145	0.029269	1.1
14	-0.339460	580.204771	0.019230	2.5
15	-0.679029	577.198517	0.015117	1.2
16	-0.328215	574.233444	0.012752	1.1
17	-0.691384	571.308645	0.037662	1.1
18	-0.538337	568.423237	0.016113	1.1
19	-1.079656	565.576365	0.052231	1.1
20	-0.992213	562.767201	0.026611	1.1
21	-0.589142	559.994938	0.019885	1.4
22	-0.563259	557.258797	0.011999	1.2
23	-0.559339	554.558018	0.013933	1.1
24	-0.834130	551.891865	0.033227	1.1
25	-0.390939	549.259621	0.029810	1.1
26	-0.839229	546.660592	0.014216	1.4
27	-0.355905	544.094102	0.022684	1.4
28	-0.428240	541.559494	0.013841	1.2
29	-1.062160	539.056129	0.055635	1.2
30	-0.542374	536.583387	0.022896	1.1
31	-0.458477	534.140663	0.025328	1.1
32	-0.663681	531.727370	0.006790	1.1
33	-0.703187	529.342935	0.039155	1.1
34	-0.702974	526.986802	0.028561	1.1
35	-0.671414	524.658430	0.044777	1.1
36	-0.677101	522.357290	0.032635	1.1
37	-0.280237	520.082868	0.016546	1.1
38	-0.518197	517.834665	0.031471	1.1
39	-1.259398	515.612193	0.025098	1.1
40	-0.280948	513.414976	0.001990	1.1
41	-0.297860	511.242551	0.006600	1.2
42	-0.418112	509.094468	0.027620	1.2
43	-1.082902	506.970285	0.019360	1.2
44	-0.462488	504.869574	0.021877	1.1
45	-0.759520	502.791916	0.036613	1.2
46	-0.607862	500.736903	0.013752	1.1
47	-0.600180	498.704137	0.042116	1.1
48	-0.785140	496.693228	0.039635	1.1
49	-0.766457	494.703798	0.035364	1.2
50	-0.963909	492.735476	0.034079	1.1
51	-1.056664	490.787900	0.016664	1.2
52	-0.905386	488.860718	0.027867	1.1
53	-0.665924	486.953585	0.024770	1.1
54	-1.104966	485.066164	0.065051	1.1
55	-0.669333	483.198126	0.028847	2.8
56	-0.873821	481.349149	0.059029	1.2
57	-0.971508	479.518920	0.038657	1.1
58	-0.414828	477.707132	0.026354	1.1
59	-0.569579	475.913485	0.033125	1.1
60	-0.395197	474.137684	0.005858	1.1
61	-0.441996	472.379445	0.032956	1.1
62	-0.294374	470.638485	0.002767	1.1
63	-0.660655	468.914531	0.019414	1.1
64	-0.428213	467.207315	0.014489	1.1
65	-0.363043	465.516573	0.029709	1.1
66	-0.464969	463.842050	0.016025	1.1
67	-0.519208	462.183494	0.042403	1.1
68	-0.218231	460.540658	0.019652	1.7
69	-0.871606	458.913303	0.014000	1.2
70	-0.732522	457.301192	0.032625	1.2
71	-0.474843	455.704096	0.011031	1.1
72	-0.984585	454.121787	0.034185	1.1
73	-0.584018	452.554045	0.016923	1.1
74	-0.963486	451.000653	0.040153	1.1
75	-0.413312	449.461399	0.028646	1.1
76	-0.832267	447.936075	0.026729	1.2
77	-0.296029	446.424477	0.026329	1.2
78	-1.242168	444.926406	0.066691	1.1
79	-0.784136	443.441666	0.042454	1.1
80	-0.450555	441.970065	0.028010	1.1
81	-0.935777	440.511415	0.019505	1.1
82	-0.839229	439.065533	0.039230	1.8
83	-0.314714	437.632238	0.004917	1.2
84	-0.776050	436.211351	0.008339	1.2
85	-0.357126	434.802701	0.033487	1.1
86	-0.574503	433.406117	0.025003	1.1
87	-0.611950	432.021430	0.018630	1.1
88	-0.784435	430.648479	0.058353	1.1
89	-0.587327	429.287101	0.018804	1.1
90	-0.675020	427.937140	0.026832	1.2
91	-0.465267	426.598440	0.011024	1.1
92	-0.902253	425.270849	0.027723	1.1
93	-0.772093	423.954220	0.039256	1.1
94	-0.705271	422.648404	0.033709	1.1
95	-0.309390	421.353259	0.022045	1.1
96	-0.806119	420.068643	0.011360	1.3
97	-0.469812	418.794419	0.015023	1.2
98	-0.728007	417.530451	0.025430	1.2
99	-0.870175	416.276604	0.040002	1.1
100	-0.645601	415.032748	0.027652	1.1
101	-1.182132	413.798754	0.059305	1.1
102	-0.529758	412.574495	0.037188	1.1
103	-0.995243	411.359849	0.042603	1.1
104	-0.675405	410.154691	0.017289	1.1
105	-0.705428	408.958904	0.023424	1.1
106	-0.709763	407.772368	0.024338	1.1
107	-0.707572	406.594968	0.024426	1.2
108	-0.791039	405.426590	0.021722	1.1
109	-1.056927	404.267122	0.037742	1.1
110	-0.855453	403.116456	0.021030	1.1
111	-0.795792	401.974481	0.037327	2.7
112	-0.744124	400.841093	0.026113	1.2
113	-0.715035	399.716187	0.042560	1.1
114	-0.909798	398.599660	0.062680	1.1
115	-0.525591	397.491411	0.022223	1.1
116	-0.376707	396.391342	0.035400	1.1
117	-0.875094	395.299353	0.014944	1.1
118	-0.347555	394.215350	0.028696	1.1
119	-0.519424	393.139238	0.023910	1.1
120	-0.438061	392.070924	0.020055	1.1
121	-0.905774	391.010316	0.049582	1.1
122	-0.606034	389.957325	0.015689	1.1
123	-0.186854	388.911862	0.010288	1.1
124	-0.923823	387.873839	0.040974	1.5
125	-0.951209	386.843173	0.015150	1.2
126	-0.685747	385.819777	0.013107	1.2
127	-0.675965	384.803569	0.032674	1.1
128	-0.801814	383.794468	0.025053	1.1
129	-0.852834	382.792393	0.015212	1.1
130	-1.181115	381.797264	0.028522	1.1
131	-1.188206	380.809005	0.020915	1.1
132	-0.915390	379.827537	0.046715	1.1
133	-0.609426	378.852786	0.018456	1.1
134	-0.755761	377.884678	0.006728	1.2
135	-0.747111	376.923138	0.012259	1.1
136	-0.840500	375.968095	0.020868	1.1
137	-0.761207	375.019479	0.009521	1.1
138	-0.807407	374.077218	0.015542	1.1
139	-0.432621	373.141244	0.023806	1.5
140	-1.071895	372.211489	0.037604	1.2
141	-0.689686	371.287887	0.014990	1.1
142	-1.132450	370.370370	0.020797	1.1
143	-0.473394	369.458876	0.012871	1.1
144	-0.886679	368.553338	0.014330	1.1
145	-0.564877	367.653696	0.034813	1.1
146	-0.940779	366.759885	0.008390	1.2
147	-0.494101	365.871846	0.020394	1.1
148	-1.022362	364.989518	0.056694	1.1
149	-0.504643	364.112841	0.033473	1.1
150	-0.849612	363.241757	0.033345	1.1
151	-0.925899	362.376208	0.055475	1.1
152	-0.646373	361.516137	0.034503	1.4
153	-0.685788	360.661488	0.034381	1.6
154	-0.681255	359.812206	0.048705	1.3
155	-0.537453	358.968236	0.028627	1.1
156	-0.670135	358.129524	0.056106	1.1
157	-0.622423	357.296018	0.018330	1.1
158	-0.688785	356.467665	0.018559	1.1
159	-0.610248	355.644414	0.015982	1.1
160	-0.654663	354.826213	0.020107	1.1
161	-0.625748	354.013012	0.026259	1.1
162	-1.058761	353.204763	0.036516	1.2
163	-0.829279	352.401415	0.031327	1.1
164	-0.818800	351.602922	0.029026	1.1
165	-0.763909	350.809235	0.014174	1.1
166	-0.633689	350.020308	0.052012	1.4
167	-0.762775	349.236095	0.011938	1.2
168	-0.927418	348.456550	0.040198	1.1
169	-0.810625	347.681627	0.044457	1.1
170	-0.324716	346.911283	0.014693	1.2
171	-0.564596	346.145474	0.020441	1.1
172	-1.102070	345.384157	0.061769	1.2
173	-0.960093	344.627288	0.034589	1.2
174	-0.984592	343.874826	0.053591	1.1
175	-0.615729	343.126729	0.006648	1.1
176	-0.366381	342.382957	0.009063	1.1
177	-0.748838	341.643469	0.016195	1.2
178	-0.770175	340.908224	0.012339	1.1
179	-1.121730	340.177184	0.036633	1.1
180	-0.758441	339.450309	0.014321	1.1
181	-0.644359	338.727561	0.031837	1.2
182	-0.760499	338.008902	0.050208	1.1
183	-1.173512	337.294295	0.045460	1.1
184	-0.622006	336.583703	0.016102	1.1
185	-0.755413	335.877089	0.064192	1.1
186	-0.683641	335.174416	0.008770	1.1
187	-1.009342	334.475651	0.042255	1.1
188	-0.504749	333.780756	0.024958	1.1
189	-0.964906	333.089698	0.031547	1.1
190	-0.784103	332.402443	0.010809	1.1
191	-0.717999	331.718955	0.010900	1.1
192	-0.641797	331.039203	0.032994	1.1
193	-0.867198	330.363153	0.027633	1.1
194	-0.309476	329.690771	0.008818	1.1
195	-0.593836	329.022027	0.027286	1.1
196	-0.994371	328.356888	0.025983	1.1
197	-0.739008	327.695322	0.009345	1.1
198	-0.770042	327.037299	0.010370	1.1
199	-0.555448	326.382787	0.015081	1.1
200	-0.557402	325.731758	0.024519	1.1
201	-0.604018	325.084179	0.050756	1.1
202	-0.371024	324.440023	0.028468	1.1
203	-1.112437	323.799258	0.079210	1.1
204	-1.082619	323.161858	0.040178	1.1
205	-0.806095	322.527792	0.020937	1.1
206	-0.805321	321.897034	0.006814	1.2
207	-0.961293	321.269554	0.023154	1.1
208	-0.680247	320.645325	0.057860	1.1
209	-0.715674	320.024320	0.027451	1.1
210	-1.025963	319.406512	0.054196	1.1
211	-0.535346	318.791875	0.011730	1.1
212	-0.708114	318.180381	0.024779	1.1
213	-0.428035	317.572005	0.014384	1.1
214	-0.038897	316.966721	0.004784	1.1
215	-1.125870	316.364504	0.023811	1.1
216	-0.746840	315.765329	0.015737	1.1
217	-0.301789	315.169170	0.011843	1.1
218	-0.945163	314.576003	0.021592	1.1
219	-0.639477	313.985804	0.022261	1.1
220	-0.686332	313.398548	0.024993	1.1
221	-0.626777	312.814213	0.028198	1.1
222	-0.853696	312.232773	0.017177	1.1
223	-1.000356	311.654207	0.017968	1.1
224	-0.502414	311.078491	0.037445	1.1
225	-0.897645	310.505602	0.041553	1.1
226	-0.614491	309.935518	0.015633	1.1
227	-0.455497	309.368217	0.014447	1.1
228	-0.280844	308.803676	0.018046	1.1
229	-0.528824	308.241874	0.013215	1.1
230	-0.672008	307.682789	0.019795	1.1
231	-0.986160	307.126400	0.010349	1.1
232	-0.756866	306.572687	0.045679	1.1
233	-0.400203	306.021627	0.017369	1.1
234	-0.828891	305.473201	0.025723	1.1
235	-0.882692	304.927388	0.042713	1.2
236	-0.770517	304.384168	0.047317	1.1
237	-0.784556	303.843521	0.011344	1.1
238	-0.741870	303.305427	0.030604	1.1
239	-0.802685	302.769867	0.015208	1.1
240	-0.210609	302.236821	0.008735	1.1
241	-1.018679	301.706270	0.026684	1.1
242	-0.407678	301.178196	0.019935	1.1
243	-0.724651	300.652580	0.017656	1.1
244	-0.647448	300.129402	0.051130	1.1
245	-0.488045	299.608645	0.013531	1.1
246	-0.554077	299.090291	0.008550	1.1
247	-1.017275	298.574321	0.065460	1.1
248	-1.139150	298.060718	0.070892	1.1
249	-0.950662	297.549465	0.030151	1.5
250	-0.475795	297.040543	0.018788	1.1
251	-0.644926	296.533936	0.030857	1.1
252	-0.329580	296.029626	0.005377	1.1
253	-0.875310	295.527597	0.012328	1.1
254	-0.715616	295.027832	0.024123	1.1
255	-0.567090	294.530315	0.008262	1.1
256	-0.776501	294.035028	0.018912	1.1
257	-0.749119	293.541956	0.017019	1.1
258	-0.263763	293.051083	0.008634	1.1
259	-0.815892	292.562393	0.022740	1.1
260	-0.996638	292.075870	0.006932	1.1
261	-0.473194	291.591498	0.031002	1.1
262	-0.760542	291.109263	0.015417	1.2
263	-0.794053	290.629149	0.012927	1.1
264	-0.733590	290.151140	0.009568	1.1
265	-0.565002	289.675222	0.043825	1.1
266	-0.469221	289.201380	0.011087	1.1
267	-0.748501	288.729600	0.012423	1.1
268	-0.936992	288.259866	0.039118	1.1
269	-0.427194	287.792165	0.016608	1.1
270	-0.754187	287.326481	0.045695	1.1
271	-0.677551	286.862802	0.019123	1.1
272	-0.815848	286.401113	0.019876	1.1
273	-0.496499	285.941400	0.018743	1.1
274	-0.508820	285.483649	0.018994	1.1
275	-0.777506	285.027847	0.056854	1.1
276	-0.710148	284.573981	0.029955	1.1
277	-0.676973	284.122037	0.055590	1.1
278	-0.435982	283.672002	0.014689	1.1
279	-0.936381	283.223863	0.041456	1.1
280	-0.900996	282.777607	0.039911	1.1
281	-1.037168	282.333221	0.051116	1.1
282	-0.804469	281.890692	0.007402	1.1
283	-1.046963	281.450008	0.087052	1.1
284	-0.559701	281.011157	0.018629	1.1
285	-0.333026	280.574125	0.003770	1.1
286	-0.709586	280.138901	0.030215	1.1
287	-0.786007	279.705473	0.051365	1.1
288	-0.584203	279.273829	0.034189	1.1
289	-0.543185	278.843956	0.037167	1.1
290	-0.677827	278.415844	0.011962	1.1
291	-0.891769	277.989479	0.029447	1.1
292	-0.766148	277.564851	0.016350	1.1
293	-1.042570	277.141949	0.024196	1.1
294	-0.844838	276.720761	0.025680	1.1
295	-0.404188	276.301275	0.018127	1.1
296	-1.174193	275.883480	0.040006	1.1
297	-1.104372	275.467366	0.033889	1.1
298	-0.856823	275.052922	0.043021	1.1
299	-0.447143	274.640136	0.015897	1.1
300	-0.818594	274.228998	0.011037	1.1
301	-0.679410	273.819497	0.042763	1.1
302	-0.608659	273.411623	0.011087	1.1
303	-0.675217	273.005365	0.015330	1.1
304	-0.283139	272.600712	0.012130	1.1
305	-0.637175	272.197655	0.022434	1.1
306	-0.768693	271.796184	0.026510	1.1
307	-0.910935	271.396287	0.013895	1.1
308	-1.043206	270.997956	0.029354	1.1
309	-1.039660	270.601180	0.007093	1.1
310	-0.713808	270.205949	0.060633	1.1
311	-0.879568	269.812254	0.030649	1.1
312	-0.674237	269.420085	0.006826	1.1
313	-0.914195	269.029432	0.038602	1.1
314	-1.130664	268.640287	0.036107	1.1
315	-0.828118	268.252638	0.009384	1.1
316	-0.860479	267.866478	0.029904	1.1
317	-0.926393	267.481796	0.050629	1.1
318	-0.826534	267.098584	0.017895	1.1
319	-0.326373	266.716833	0.006520	1.1
320	-1.164346	266.336533	0.025917	1.1
321	-1.010251	265.957676	0.036290	1.1
322	-0.479345	265.580253	0.010141	1.1
323	-1.086576	265.204254	0.034818	1.1
324	-0.542777	264.829672	0.011915	1.2
325	-0.761284	264.456497	0.048913	1.1
326	-0.483279	264.084721	0.008579	1.1
327	-0.470544	263.714335	0.026454	1.1
328	-0.470066	263.345332	0.011565	1.1
329	-1.138511	262.977702	0.068212	1.2
330	-0.777064	262.611438	0.021529	1.2
331	-1.061676	262.246531	0.053912	1.2
332	-1.003191	261.882973	0.036698	1.1
333	-0.955621	261.520756	0.040557	1.1
334	-0.706253	261.159871	0.045138	1.2
335	-0.767962	260.800312	0.016772	1.2
336	-1.129117	260.442070	0.041697	1.4
337	-0.634492	260.085137	0.043388	1.2
338	-0.686728	259.729505	0.031224	1.1
339	-0.744575	259.375167	0.023856	1.1
340	-0.762798	259.022116	0.029815	1.1
341	-0.779548	258.670343	0.072302	1.1
342	-0.466518	258.319841	0.006925	1.2
343	-1.092771	257.970602	0.017397	1.3
344	-0.425901	257.622620	0.007375	1.1
345	-1.158843	257.275887	0.040800	1.1
346	-0.436138	256.930396	0.008235	1.1
347	-1.207559	256.586139	0.033104	1.1
348	-0.793684	256.243109	0.021454	1.1
349	-0.746199	255.901300	0.057486	1.1
350	-0.707152	255.560703	0.013657	1.1
351	-0.996368	255.221313	0.016969	1.1
352	-0.917837	254.883122	0.036563	1.3
353	-1.106451	254.546124	0.049227	1.1
354	-1.017192	254.210311	0.030702	1.1
355	-0.374000	253.875677	0.010078	1.1
356	-0.751672	253.542215	0.047548	1.1
357	-0.583040	253.209918	0.038818	1.1
358	-0.872105	252.878781	0.017943	1.1
359	-0.989644	252.548795	0.035795	1.1
360	-0.801869	252.219956	0.018122	1.1
361	-0.923842	251.892255	0.043642	1.1
362	-0.611299	251.565688	0.037468	1.1
363	-0.423605	251.240247	0.015841	1.1
364	-1.025613	250.915926	0.033019	1.1
365	-0.400864	250.592720	0.006725	1.1
366	-0.798343	250.270621	0.019314	1.1
367	-0.927667	249.949624	0.050875	1.1
368	-0.763813	249.629723	0.010517	1.1
369	-0.592946	249.310911	0.051777	1.1
370	-0.760130	248.993182	0.032738	1.1
371	-0.616270	248.676531	0.010452	1.1
372	-0.809565	248.360952	0.022117	1.1
373	-0.913909	248.046438	0.033670	1.1
374	-0.474443	247.732984	0.068116	1.1
375	-0.798717	247.420584	0.035201	1.1
376	-0.889982	247.109233	0.044993	1.1
377	-1.179835	246.798924	0.030354	1.1
378	-1.048169	246.489652	0.054849	1.1
379	-0.883233	246.181412	0.016227	1.1
380	-1.151557	245.874197	0.082706	1.1
381	-1.200836	245.568002	0.040629	1.1
382	-0.833884	245.262822	0.070497	1.1
383	-0.705372	244.958652	0.020384	1.1
384	-0.895753	244.655485	0.051125	1.2
385	-0.181513	244.353317	0.011787	1.1
386	-0.828686	244.052142	0.046143	1.1
387	-0.274938	243.751955	0.010816	1.1
388	-0.650087	243.452750	0.048854	1.1
389	-0.503778	243.154523	0.026894	1.1
390	-0.468393	242.857268	0.017567	1.1
391	-1.157164	242.560980	0.026144	1.1
392	-0.587763	242.265654	0.009790	1.1
393	-0.773887	241.971285	0.015972	1.1
394	-0.650948	241.677868	0.025882	1.1
395	-0.641852	241.385397	0.015038	1.1
396	-0.830831	241.093869	0.036442	1.1
397	-0.771260	240.803278	0.024620	1.1
398	-0.829264	240.513619	0.024022	1.1
399	-0.818669	240.224887	0.016582	1.1
400	-0.477990	239.937077	0.030118	1.1
401	-0.629530	239.650186	0.016191	1.1
402	-0.732232	239.364207	0.044033	1.1
403	-1.091270	239.079136	0.047580	1.1
404	-0.406718	238.794969	0.008581	1.1
405	-0.473274	238.511701	0.029146	1.1
406	-0.838833	238.229327	0.013432	1.1
407	-1.000951	237.947843	0.023640	1.1
408	-0.849175	237.667244	0.009755	1.1
409	-0.946609	237.387526	0.014932	1.1
410	-0.852584	237.108684	0.008999	1.1
411	-0.760107	236.830714	0.040030	1.1
412	-0.933061	236.553610	0.018987	1.1
413	-0.502165	236.277370	0.016140	1.1
414	-0.805484	236.001989	0.033740	1.1
415	-0.975115	235.727461	0.050034	1.1
416	-0.392542	235.453784	0.011553	1.1
417	-1.097630	235.180952	0.030788	1.1
418	-0.828461	234.908962	0.011612	1.1
419	-1.016971	234.637809	0.031139	1.1
420	-0.755757	234.367488	0.031321	1.1
421	-1.308007	234.097997	0.056564	1.1
422	-0.915954	233.829331	0.043986	1.1
423	-1.063987	233.561485	0.041052	1.1
424	-0.820467	233.294456	0.012035	1.1
425	-0.603781	233.028239	0.042680	1.1
426	-0.621592	232.762831	0.029402	1.2
427	-0.747193	232.498228	0.080464	1.1
428	-0.724961	232.234425	0.021638	1.1
429	-1.124645	231.971419	0.044238	1.1
430	-0.441142	231.709205	0.016572	1.1
431	-0.524116	231.447781	0.037258	1.1
432	-0.388503	231.187141	0.013868	1.1
433	-1.265298	230.927283	0.039004	1.1
434	-0.915715	230.668202	0.058239	1.1
435	-0.887578	230.409895	0.036975	1.1
436	-0.591025	230.152358	0.024832	1.1
437	-0.501365	229.895587	0.032938	1.1
438	-0.804799	229.639578	0.032260	1.1
439	-0.786468	229.384329	0.012190	1.1
440	-0.507232	229.129834	0.025523	1.1
441	-0.621353	228.876091	0.013188	1.2
442	-0.609499	228.623096	0.036424	1.1
443	-1.146644	228.370846	0.074839	1.1
444	-0.784766	228.119336	0.008071	1.1
445	-0.879183	227.868563	0.032299	1.1
446	-0.752667	227.618525	0.023653	1.1
447	-1.070067	227.369216	0.039709	1.1
448	-0.100405	227.120635	0.001152	1.1
449	-0.249397	226.872777	0.013872	1.1
450	-0.765438	226.625638	0.017390	1.1
451	-0.906692	226.379217	0.053166	1.1
452	-0.827251	226.133509	0.009514	1.1
453	-0.751868	225.888510	0.015618	1.1
454	-0.790034	225.644218	0.036164	1.1
455	-0.537203	225.400630	0.043418	1.1
456	-1.206119	225.157741	0.034308	1.1
457	-1.165981	224.915549	0.045906	1.1
458	-0.885505	224.674051	0.033650	1.1
459	-0.942561	224.433242	0.010591	1.1
460	-0.481097	224.193121	0.022842	1.1
461	-1.091765	223.953684	0.068190	1.1
462	-0.677501	223.714927	0.020196	1.1
463	-0.766733	223.476848	0.020368	1.1
464	-0.656214	223.239444	0.032550	1.1
465	-1.327414	223.002710	0.034918	1.1
466	-1.460140	222.766645	0.072679	1.1
467	-0.589138	222.531245	0.019621	1.1
468	-0.417900	222.296508	0.007720	1.1
469	-0.642027	222.062429	0.037789	1.1
470	-0.924909	221.829007	0.034540	1.1
471	-0.754459	221.596238	0.010023	1.2
472	-0.617000	221.364119	0.028002	1.1
473	-0.478727	221.132647	0.010510	1.1
474	-0.939493	220.901820	0.027440	1.1
475	-0.872552	220.671634	0.017797	1.1
476	-0.919636	220.442086	0.012917	1.1
477	-0.732198	220.213174	0.032857	1.1
478	-1.011414	219.984895	0.045665	1.1
479	-0.886846	219.757246	0.010605	1.1
480	-0.732841	219.530224	0.035852	1.1
481	-0.451747	219.303826	0.020468	1.1
482	-1.041607	219.078050	0.056404	1.1
483	-0.709200	218.852893	0.076656	1.1
484	-1.409098	218.628352	0.050967	1.1
485	-0.476077	218.404424	0.018617	1.2
486	-0.918708	218.181106	0.012106	1.1
487	-0.871419	217.958397	0.052717	1.1
488	-0.505653	217.736292	0.012804	1.1
489	-0.898766	217.514790	0.016932	1.1
490	-0.270513	217.293888	0.006680	1.1
491	-0.443301	217.073584	0.014778	1.1
492	-0.989145	216.853873	0.014768	1.1
493	-0.912331	216.634755	0.014450	1.1
494	-0.879115	216.416227	0.056636	1.1
495	-0.704396	216.198285	0.033840	1.1
496	-1.158306	215.980927	0.046272	1.1
497	-0.740446	215.764151	0.021891	1.1
498	-1.035306	215.547955	0.020204	1.1
499	-1.113868	215.332335	0.094539	1.1
500	-0.540675	215.117289	0.025053	1.1
501	-0.092227	214.902815	0.004987	1.1
502	-0.717872	214.688911	0.025892	1.1
503	-0.441349	214.475573	0.025947	1.1
504	-0.624320	214.262800	0.033354	1.1
505	-0.710703	214.050588	0.047457	1.1
506	-0.712760	213.838936	0.023123	2.0
507	-0.773506	213.627842	0.038290	1.2
508	-1.033266	213.417302	0.025253	1.2
509	-0.941728	213.207314	0.037303	1.2
510	-0.842696	212.997877	0.058836	1.2
511	-0.817480	212.788987	0.015889	1.2
512	-0.650296	212.580642	0.017017	1.1
513	-0.703185	212.372841	0.052921	1.2
514	-1.308607	212.165581	0.039228	1.1
515	-0.235335	211.958859	0.008798	1.1
516	-0.848430	211.752673	0.009122	1.1
517	-0.632775	211.547021	0.015775	1.1
518	-0.572928	211.341902	0.023144	1.2
519	-0.902743	211.137311	0.040371	1.2
520	-0.073158	210.933248	0.004367	1.1
521	-0.806860	210.729710	0.066562	1.1
522	-0.702097	210.526695	0.064474	1.1
523	-0.817677	210.324200	0.033171	1.1
524	-0.800264	210.122224	0.043703	1.1
525	-0.829027	209.920765	0.009787	1.1
526	-1.148300	209.719820	0.086877	1.2
527	-0.618297	209.519387	0.017584	1.1
528	-0.335986	209.319463	0.023016	1.3
529	-0.565228	209.120048	0.049402	1.1
530	-0.829177	208.921139	0.015713	1.1
531	-0.803250	208.722733	0.055323	1.1
532	-1.175238	208.524829	0.029476	1.1
533	-0.582167	208.327425	0.017019	1.1
534	-0.102767	208.130518	0.007513	1.1
535	-1.023672	207.934107	0.058487	1.1
536	-0.802801	207.738189	0.011358	1.1
537	-0.899328	207.542762	0.048430	1.1
538	-0.366105	207.347825	0.007224	1.1
539	-1.235440	207.153376	0.093321	1.1
540	-0.471807	206.959412	0.021378	1.1
541	-1.088835	206.765932	0.064662	1.1
542	-0.943397	206.572933	0.051147	1.1
543	-1.055421	206.380414	0.017522	1.1
544	-1.300767	206.188373	0.039973	1.1
545	-0.222304	205.996807	0.003167	1.1
546	-0.509971	205.805716	0.012450	1.1
547	-0.596746	205.615096	0.013890	1.1
548	-0.873104	205.424946	0.024134	1.1
549	-0.614951	205.235265	0.045670	1.1
550	-1.157554	205.046050	0.032447	1.2
551	-1.261368	204.857299	0.027096	1.1
552	-0.447408	204.669011	0.006004	1.1
553	-0.821907	204.481184	0.052792	1.1
554	-1.137041	204.293816	0.040524	1.1
555	-0.753541	204.106905	0.035457	1.1
556	-0.640519	203.920449	0.041138	1.1
557	-0.797584	203.734447	0.015266	1.1
558	-0.509009	203.548896	0.017814	1.1
559	-1.017846	203.363795	0.051883	1.1
560	-1.135264	203.179143	0.077549	1.1
561	-0.365291	202.994937	0.028137	1.1
562	-0.841196	202.811176	0.011360	1.1
563	-0.624212	202.627857	0.051170	1.1
564	-0.820053	202.444980	0.037651	1.1
565	-0.438911	202.262543	0.008328	1.1
566	-0.610214	202.080543	0.009902	1.1
567	-0.815730	201.898979	0.015928	1.1
568	-0.893024	201.717849	0.015172	1.1
569	-0.388758	201.537153	0.021094	1.1
570	-0.694416	201.356887	0.027485	1.1
571	-0.805548	201.177050	0.007175	1.1
572	-0.466536	200.997642	0.008259	1.1
573	-1.034274	200.818659	0.061626	1.1
574	-0.694754	200.640100	0.032184	1.1
575	-0.868398	200.461965	0.018408	1.1
576	-0.879330	200.284250	0.022574	1.2
577	-0.033576	200.106955	0.003162	1.1
578	-1.011819	199.930078	0.059167	1.1
579	-1.289632	199.753617	0.060797	1.1
580	-0.740670	199.577571	0.022653	1.1
581	-0.976804	199.401938	0.034710	1.1
582	-0.622543	199.226717	0.066706	1.1
583	-0.671883	199.051905	0.009989	1.1
584	-0.967821	198.877502	0.036170	1.2
585	-1.052232	198.703506	0.045260	1.1
586	-1.041034	198.529916	0.025977	1.1
587	-0.639977	198.356729	0.041293	1.1
588	-0.686782	198.183944	0.015044	1.1
589	-0.665935	198.011560	0.033051	1.1
590	-0.621718	197.839576	0.051358	1.1
591	-0.713588	197.667989	0.039080	1.1
592	-0.814382	197.496798	0.034473	1.1
593	-0.941746	197.326002	0.026973	1.1
594	-0.414208	197.155600	0.010151	1.1
595	-1.364754	196.985589	0.053449	1.1
596	-0.983128	196.815969	0.055998	1.1
597	-0.490454	196.646738	0.013903	1.1
598	-0.773014	196.477894	0.037218	1.1
599	-0.719585	196.309436	0.036455	1.1
600	-1.292648	196.141363	0.028009	1.2
601	-0.982845	195.973673	0.032280	1.1
602	-0.937613	195.806365	0.018038	1.1
603	-0.569808	195.639437	0.046898	1.1
604	-0.584249	195.472888	0.014603	1.1
605	-0.657036	195.306717	0.014674	1.1
606	-0.546287	195.140922	0.036783	1.1
607	-0.499218	194.975501	0.029031	1.1
608	-1.240776	194.810454	0.036085	1.1
609	-1.112811	194.645779	0.074370	1.1
610	-1.051045	194.481475	0.015345	1.1
611	-0.740958	194.317540	0.018567	1.1
612	-0.825782	194.153973	0.048930	1.1
613	-0.619710	193.990773	0.014262	1.1
614	-0.578195	193.827938	0.007946	1.2
615	-1.303575	193.665467	0.026368	1.1
616	-0.586511	193.503358	0.015785	1.1
617	-1.210571	193.341611	0.054158	1.1
618	-0.807986	193.180224	0.101179	1.1
619	-0.959597	193.019196	0.014671	1.1
620	-0.356103	192.858525	0.024073	1.1
621	-0.405856	192.698210	0.008810	1.1
622	-0.409999	192.538251	0.010594	1.1
623	-1.099051	192.378644	0.080963	1.1
624	-0.469755	192.219391	0.022472	1.1
625	-0.876293	192.060488	0.008581	1.1
626	-1.031992	191.901935	0.013941	1.1
627	-0.829660	191.743730	0.056045	1.1
628	-1.258378	191.585873	0.057380	1.1
629	-0.800022	191.428362	0.079684	1.2
630	-0.930602	191.271196	0.052973	1.1
631	-0.382302	191.114374	0.014893	1.1
632	-1.040376	190.957893	0.029533	1.1
633	-1.137895	190.801755	0.034655	1.1
634	-0.625215	190.645956	0.013351	1.1
635	-0.748749	190.490495	0.017479	1.1
636	-0.749370	190.335373	0.023961	1.1
637	-0.347204	190.180587	0.009831	1.1
638	-1.233697	190.026136	0.024783	1.1
639	-0.570740	189.872019	0.013685	1.1
640	-0.979887	189.718235	0.018887	1.1
641	-1.166494	189.564782	0.057181	1.1
642	-0.711539	189.411661	0.015017	1.1
643	-0.460838	189.258868	0.003239	1.1
644	-0.585851	189.106404	0.013185	1.2
645	-0.276082	188.954267	0.007595	1.2
646	-0.753991	188.802456	0.023763	1.2
647	-0.964508	188.650969	0.039619	1.2
648	-0.276076	188.499807	0.004404	1.1
649	-1.279273	188.348967	0.045663	1.1
650	-0.684938	188.198448	0.023864	1.2
651	-1.041615	188.048250	0.038203	1.1
652	-1.311949	187.898371	0.051215	1.2
653	-1.137278	187.748810	0.059127	1.1
654	-0.952255	187.599566	0.015269	1.1
655	-1.326145	187.450638	0.070034	1.2
656	-0.836685	187.302025	0.007954	1.2
657	-0.993866	187.153725	0.087927	1.1
658	-0.765308	187.005739	0.078035	1.2
659	-0.635515	186.858064	0.008962	1.1
660	-0.400520	186.710699	0.042417	1.2
661	-1.059916	186.563645	0.030477	1.1
662	-0.870883	186.416898	0.024586	1.2
663	-0.606221	186.270459	0.028915	1.2
664	-0.938992	186.124326	0.046305	1.2
665	-0.659132	185.978499	0.019228	1.2
666	-1.167927	185.832976	0.065456	1.1
667	-0.691465	185.687756	0.017182	1.1
668	-0.787680	185.542838	0.039110	1.2
669	-0.596590	185.398222	0.014837	1.2
670	-0.396621	185.253906	0.017287	1.1
671	-0.843201	185.109889	0.005890	1.1
672	-0.737704	184.966170	0.021889	1.2
673	-0.647726	184.822748	0.018254	1.2
674	-0.655330	184.679623	0.014606	1.2
675	-0.834869	184.536792	0.009666	1.1
676	-0.821387	184.394256	0.023073	1.2
677	-0.768214	184.252013	0.023248	1.3
678	-1.310846	184.110062	0.035793	1.2
679	-1.211730	183.968403	0.072298	1.2
680	-0.643727	183.827034	0.014609	1.2
681	-0.465212	183.685954	0.005424	1.2
682	-0.939166	183.545163	0.009228	1.2
683	-0.641423	183.404658	0.005286	1.2
684	-0.559762	183.264441	0.028420	1.2
685	-0.516428	183.124509	0.024501	1.2
686	-1.038761	182.984861	0.011107	1.2
687	-0.976129	182.845497	0.058610	1.5
688	-0.851502	182.706416	0.024518	1.2
689	-0.659248	182.567616	0.049420	1.2
690	-0.714475	182.429098	0.028551	1.2
691	-0.909725	182.290859	0.041162	1.2
692	-0.835957	182.152899	0.041324	1.3
693	-0.986454	182.015217	0.040243	1.7
694	-0.609649	181.877813	0.022991	1.2
695	-0.848646	181.740684	0.019043	1.2
696	-0.902637	181.603832	0.008550	1.2
697	-0.935899	181.467253	0.016273	1.2
698	-0.994386	181.330948	0.020809	1.2
699	-0.897583	181.194916	0.047385	1.5
700	-0.712253	181.059155	0.019735	2.4
701	-1.249534	180.923666	0.020772	1.2
702	-0.477333	180.788446	0.013197	1.1
703	-0.938486	180.653496	0.068059	1.2
704	-0.604270	180.518814	0.014188	1.2
705	-0.927374	180.384399	0.046779	1.1
706	-1.283489	180.250251	0.028624	1.2
707	-0.858285	180.116369	0.006730	1.1
708	-0.924693	179.982752	0.009427	1.1
709	-0.797944	179.849398	0.009771	1.2
710	-0.855107	179.716308	0.007376	1.2
711	-0.877300	179.583480	0.007718	1.1
712	-0.544882	179.450913	0.014349	1.1
713	-0.979239	179.318607	0.018416	1.1
714	-0.925408	179.186561	0.005137	1.2
715	-0.798164	179.054774	0.024533	1.2
716	-1.108024	178.923245	0.093325	1.2
717	-0.930866	178.791973	0.013156	1.1
718	-0.909967	178.660958	0.006200	1.1
719	-1.016491	178.530199	0.020417	1.2
720	-0.538557	178.399694	0.011708	1.1
721	-0.857815	178.269444	0.020882	1.1
722	-0.738471	178.139447	0.038799	1.2
723	-0.796511	178.009702	0.015786	1.2
724	-0.518735	177.880209	0.019878	1.2
725	-0.613033	177.750967	0.037727	1.1
726	-1.443171	177.621975	0.064770	1.2
727	-1.297206	177.493232	0.030330	1.2
728	-0.768302	177.364738	0.014232	1.2
729	-0.981008	177.236492	0.014630	1.2
730	-0.460798	177.108492	0.006076	1.1
731	-0.661514	176.980739	0.035713	1.2
732	-0.677618	176.853231	0.041146	1.2
733	-0.708730	176.725968	0.012559	1.2
734	-1.101705	176.598949	0.040445	1.2
735	-0.446605	176.472173	0.018932	1.3
736	-0.850247	176.345639	0.069208	1.1
737	-1.012173	176.219348	0.016207	1.2
738	-1.325989	176.093296	0.044608	1.1
739	-1.196706	175.967486	0.048792	1.2
740	-0.547805	175.841914	0.013494	1.2
741	-0.461129	175.716581	0.015760	1.1
742	-0.585747	175.591486	0.027552	1.2
743	-0.813992	175.466629	0.040560	1.2
744	-1.269789	175.342008	0.077887	1.2
745	-0.858624	175.217622	0.013843	1.2
746	-0.938622	175.093472	0.011694	1.2
747	-0.598849	174.969556	0.022648	1.2
748	-0.391957	174.845873	0.007537	1.2
749	-1.073471	174.722423	0.022560	1.2
750	-0.775185	174.599206	0.027211	1.2
751	-1.169178	174.476220	0.036134	1.2
752	-0.877888	174.353464	0.019856	1.1
753	-0.828243	174.230939	0.056883	1.2
754	-0.636452	174.108643	0.007073	1.2
755	-0.610170	173.986576	0.027819	1.1
756	-0.235525	173.864737	0.012511	1.2
757	-1.187161	173.743124	0.031531	1.2
758	-1.137773	173.621739	0.029850	3.4
759	-0.466865	173.500579	0.016585	1.1
760	-1.297894	173.379645	0.150731	1.1
761	-1.018450	173.258935	0.040096	1.1
762	-0.576220	173.138449	0.018985	1.1
763	-0.822322	173.018186	0.022821	1.1
764	-1.004812	172.898146	0.028305	1.1
765	-1.037138	172.778327	0.017004	1.1
766	-0.735860	172.658730	0.027316	1.1
767	-0.853991	172.539353	0.072618	1.1
768	-0.860327	172.420196	0.018267	1.2
769	-0.514729	172.301258	0.015588	1.1
770	-1.204963	172.182539	0.027146	1.2
771	-0.689850	172.064037	0.036262	1.1
772	-1.298541	171.945753	0.051080	1.1
773	-0.411264	171.827686	0.017354	1.1
774	-0.726803	171.709834	0.024511	1.1
775	-0.811203	171.592198	0.010355	1.1
776	-1.132106	171.474776	0.045124	1.1
777	-1.176217	171.357568	0.026293	1.1
778	-0.765387	171.240574	0.011293	1.1
779	-1.046339	171.123793	0.049851	1.1
780	-0.746324	171.007223	0.014870	1.1
781	-0.871581	170.890865	0.029080	1.1
782	-0.837164	170.774718	0.024213	1.1
783	-1.002329	170.658782	0.029173	1.1
784	-0.955834	170.543055	0.026666	1.2
785	-1.232828	170.427537	0.053864	1.1
786	-0.977404	170.312227	0.011686	1.1
787	-0.796759	170.197125	0.020015	1.1
788	-1.357749	170.082231	0.021435	1.1
789	-0.833474	169.967543	0.064105	1.1
790	-0.726513	169.853061	0.021142	1.1
791	-1.250529	169.738784	0.038768	1.1
792	-0.606278	169.624713	0.021165	1.1
793	-0.652713	169.510845	0.026055	1.1
794	-1.130678	169.397181	0.070953	1.1
795	-1.134225	169.283720	0.016502	1.1
796	-0.907631	169.170462	0.010050	1.1
797	-0.917959	169.057405	0.050908	1.1
798	-0.834046	168.944549	0.013161	1.1
799	-0.863565	168.831895	0.019996	1.2
800	-0.732211	168.719440	0.016670	1.2
801	-1.054061	168.607185	0.023491	1.2
802	-1.051942	168.495129	0.026517	1.1
803	-0.820802	168.383271	0.027494	1.1
804	-1.010749	168.271611	0.071760	1.1
805	-0.847721	168.160148	0.008394	1.1
806	-0.574677	168.048882	0.024748	1.1
807	-0.576868	167.937812	0.008468	1.1
808	-0.663308	167.826938	0.068628	1.1
809	-0.497591	167.716258	0.020790	1.1
810	-1.023666	167.605773	0.016441	1.1
811	-1.018489	167.495482	0.026897	1.1
812	-0.581201	167.385384	0.012475	1.1
813	-0.968040	167.275479	0.025646	1.1
814	-0.803635	167.165766	0.011115	1.1
815	-1.071227	167.056245	0.060583	1.1
816	-1.085392	166.946915	0.046913	1.1
817	-1.156626	166.837776	0.056777	1.1
818	-1.126164	166.728826	0.078397	1.1
819	-0.739349	166.620067	0.038790	1.1
820	-0.568340	166.511496	0.010002	1.1
821	-0.726584	166.403113	0.021696	1.1
822	-0.759797	166.294919	0.015100	1.1
823	-0.712474	166.186912	0.016251	1.1
824	-0.943644	166.079091	0.011454	1.1
825	-0.731673	165.971458	0.027321	2.8
826	-0.596759	165.864009	0.026109	1.1
827	-0.732470	165.756747	0.014217	1.1
828	-1.301213	165.649669	0.033652	1.1
829	-0.863060	165.542775	0.008950	1.1
830	-0.853297	165.436065	0.010015	1.1
831	-1.260238	165.329538	0.022588	1.1
832	-1.224586	165.223194	0.055892	1.1
833	-0.998032	165.117032	0.036723	1.1
834	-1.167899	165.011052	0.016102	1.1
835	-1.192482	164.905253	0.074344	1.1
836	-0.729609	164.799635	0.060355	1.1
837	-1.015445	164.694197	0.042849	1.1
838	-0.871290	164.588939	0.007469	1.1
839	-0.918916	164.483859	0.025650	1.1
840	-0.909672	164.378959	0.031952	1.1
841	-0.917090	164.274237	0.056881	1.1
842	-1.234876	164.169692	0.053835	1.1
843	-1.117811	164.065325	0.070430	1.1
844	-0.936951	163.961135	0.009066	1.1
845	-0.818211	163.857120	0.033732	1.1
846	-1.007615	163.753282	0.061789	1.1
847	-0.614933	163.649619	0.007465	1.1
848	-0.909058	163.546130	0.050131	2.0
849	-0.527328	163.442816	0.019756	1.2
850	-0.973506	163.339676	0.009485	1.1
851	-0.458253	163.236709	0.003772	1.2
852	-0.690694	163.133915	0.044410	1.2
853	-0.006210	163.031294	0.000855	1.4
854	-0.589823	162.928844	0.004144	1.2
855	-0.843089	162.826566	0.010246	1.2
856	-1.083863	162.724459	0.004850	1.1
857	-0.570101	162.622523	0.012982	1.1
858	-0.842424	162.520757	0.033291	1.4
859	-0.741992	162.419160	0.008129	1.2
860	-0.563346	162.317733	0.025429	1.1
861	-1.148525	162.216474	0.071525	1.1
862	-1.118961	162.115383	0.015691	1.1
863	-1.028289	162.014461	0.040593	1.1
864	-0.756539	161.913705	0.032216	1.1
865	-0.582577	161.813117	0.019320	1.1
866	-1.037317	161.712695	0.050441	1.1
867	-0.730655	161.612439	0.034718	1.1
868	-0.828626	161.512349	0.033300	1.1
869	-1.097739	161.412424	0.044318	1.1
870	-1.402405	161.312663	0.074054	1.1
871	-0.969628	161.213067	0.015384	1.1
872	-0.750965	161.113635	0.052721	1.1
873	-0.965655	161.014366	0.010271	1.1
874	-1.035236	160.915260	0.027639	1.1
875	-1.218666	160.816316	0.076232	1.1
876	-0.605678	160.717535	0.052463	1.1
877	-0.705078	160.618915	0.017378	1.1
878	-0.693263	160.520456	0.035380	1.1
879	-1.239010	160.422158	0.016460	1.1
880	-0.673680	160.324021	0.027154	1.3
881	-1.189173	160.226043	0.060559	1.1
882	-1.126428	160.128225	0.026566	1.1
883	-0.592560	160.030566	0.015412	1.1
884	-1.254596	159.933066	0.068420	1.1
885	-0.526237	159.835723	0.029703	1.1
886	-0.743768	159.738539	0.051693	1.1
887	-1.198221	159.641512	0.043778	1.1
888	-1.051031	159.544642	0.028725	1.1
889	-0.713526	159.447929	0.012275	1.1
890	-0.649277	159.351372	0.027032	1.1
891	-1.227710	159.254971	0.016263	1.1
892	-0.650881	159.158725	0.014361	1.1
893	-0.831614	159.062634	0.048733	1.1
894	-0.744350	158.966697	0.026037	1.1
895	-0.940066	158.870915	0.034374	1.1
896	-1.140041	158.775286	0.039577	1.1
897	-1.186736	158.679811	0.041128	1.1
898	-0.482863	158.584489	0.007675	1.1
899	-0.862858	158.489319	0.027095	1.1
900	-1.180514	158.394302	0.062269	1.1
901	-1.140740	158.299436	0.043461	1.1
902	-0.795217	158.204721	0.014413	1.1
903	-1.181959	158.110158	0.025578	1.1
904	-0.836714	158.015745	0.026364	1.2
905	-0.790590	157.921482	0.034661	1.1
906	-0.762502	157.827369	0.018808	1.1
907	-0.703367	157.733406	0.009853	1.1
908	-0.447945	157.639591	0.017607	1.1
909	-1.223670	157.545925	0.036629	1.1
910	-0.827054	157.452408	0.012381	1.1
911	-1.068131	157.359038	0.047859	1.1
912	-0.900204	157.265816	0.086133	1.1
913	-0.295462	157.172741	0.005634	1.1
914	-0.829128	157.079813	0.072105	1.1
915	-0.841340	156.987031	0.007742	1.1
916	-0.674971	156.894395	0.008145	1.1
917	-0.743205	156.801904	0.041534	1.1
918	-0.840987	156.709559	0.027569	1.1
919	-1.280738	156.617359	0.035226	1.1
920	-0.712591	156.525304	0.011725	1.1
921	-0.612885	156.433392	0.010774	1.1
922	-0.308276	156.341624	0.007435	1.1
923	-1.142149	156.250000	0.077088	1.1
924	-1.087122	156.158519	0.085643	1.1
925	-0.950974	156.067180	0.055508	1.1
926	-1.018690	155.975984	0.016532	1.1
927	-1.015799	155.884930	0.014203	1.1
928	-1.002394	155.794017	0.031055	1.1
929	-0.594411	155.703246	0.004163	1.1
930	-0.602228	155.612615	0.044470	1.1
931	-0.989843	155.522125	0.024558	1.1
932	-1.178864	155.431775	0.036535	1.1
933	-0.729378	155.341565	0.013599	1.1
934	-0.558961	155.251495	0.007889	1.1
935	-0.893089	155.161563	0.053678	1.1
936	-0.356349	155.071771	0.009403	1.1
937	-0.815211	154.982117	0.012273	1.1
938	-1.013343	154.892601	0.024369	1.1
939	-0.844151	154.803222	0.011640	1.1
940	-0.839120	154.713981	0.022647	1.1
941	-0.172857	154.624878	0.002156	1.1
942	-0.343390	154.535910	0.003837	1.1
943	-0.616216	154.447080	0.016122	1.1
944	-0.750600	154.358385	0.026610	1.1
945	-1.259687	154.269826	0.065783	1.1
946	-0.413288	154.181402	0.013910	1.1
947	-1.333252	154.093114	0.079746	1.1
948	-0.926681	154.004960	0.026810	1.1
949	-0.399117	153.916940	0.014182	1.1
950	-1.041303	153.829054	0.031280	1.1
951	-1.001693	153.741303	0.067752	1.1
952	-0.733981	153.653684	0.065828	1.1
953	-0.910199	153.566198	0.016449	1.1
954	-0.667160	153.478846	0.019302	1.1
955	-0.947357	153.391625	0.016584	1.1
956	-1.073660	153.304537	0.035293	1.1
957	-0.808720	153.217580	0.040915	1.1
958	-0.918271	153.130755	0.013799	1.1
959	-0.889847	153.044061	0.013415	1.1
960	-0.840508	152.957498	0.025489	1.1
961	-0.623154	152.871065	0.012862	1.1
962	-0.131654	152.784762	0.004446	1.1
963	-0.865771	152.698589	0.043045	1.1
964	-1.185563	152.612545	0.016941	1.1
965	-1.130626	152.526631	0.034443	1.1
966	-1.174471	152.440845	0.040854	1.1
967	-0.854005	152.355188	0.022149	1.1
968	-0.601698	152.269660	0.027705	1.1
969	-0.813596	152.184259	0.038554	1.1
970	-0.607681	152.098986	0.013245	1.1
971	-0.583072	152.013840	0.020112	1.1
972	-1.113694	151.928821	0.026039	1.2
973	-1.259083	151.843928	0.035760	1.1
974	-1.382470	151.759163	0.027830	1.1
975	-0.781893	151.674523	0.009575	1.1
976	-0.737090	151.590009	0.024994	1.1
977	-1.334403	151.505620	0.044515	1.1
978	-0.760239	151.421357	0.012200	1.1
979	-0.469251	151.337218	0.011337	1.1
980	-0.680968	151.253204	0.018766	1.1
981	-1.126641	151.169314	0.072792	1.1
982	-1.208191	151.085549	0.017668	1.1
983	-1.468162	151.001907	0.027971	1.1
984	-1.014846	150.918388	0.047812	1.1
985	-0.943673	150.834992	0.055577	1.1
986	-0.920009	150.751719	0.064360	1.2
987	-1.077641	150.668569	0.023214	1.1
988	-0.682950	150.585541	0.006369	1.1
989	-0.754233	150.502634	0.015799	1.1
990	-0.939964	150.419849	0.024782	1.1
991	-1.438228	150.337186	0.078369	1.1
992	-0.750558	150.254644	0.048638	1.1
993	-0.927293	150.172222	0.007536	1.1
994	-0.410292	150.089921	0.003700	1.1
995	-0.773851	150.007740	0.037744	1.1
996	-1.085745	149.925679	0.103908	1.1
997	-0.901019	149.843737	0.036777	1.1
998	-0.899501	149.761915	0.015081	1.1
999	-0.817668	149.680212	0.010815	1.1
1000	-0.490418	149.598627	0.019066	1.1
1001	-0.767050	149.517161	0.024559	1.1
1002	-0.971026	149.435814	0.045490	1.1
1003	-0.989637	149.354584	0.055160	1.2
1004	-0.435252	149.273472	0.011401	1.1
1005	-0.792273	149.192477	0.036628	1.1
1006	-0.558179	149.111599	0.013153	1.1
1007	-1.480454	149.030838	0.043932	1.1
1008	-0.724835	148.950194	0.031338	1.1
1009	-0.430088	148.869666	0.019048	1.1
1010	-1.051395	148.789253	0.024049	1.1
1011	-0.729687	148.708957	0.026916	1.1
1012	-0.931251	148.628776	0.056734	1.1
1013	-0.837776	148.548710	0.010493	1.1
1014	-0.639066	148.468759	0.019271	1.1
1015	-0.975661	148.388923	0.017522	1.1
1016	-1.136615	148.309201	0.060946	1.1
1017	-1.213856	148.229594	0.025922	1.1
1018	-1.389426	148.150100	0.066209	1.1
1019	-1.087361	148.070719	0.030690	1.1
1020	-0.638554	147.991452	0.032805	1.1
1021	-0.953269	147.912298	0.055029	1.1
1022	-0.713616	147.833257	0.012320	1.1
1023	-0.782621	147.754329	0.012206	1.1
1024	-1.191894	147.675512	0.031050	1.7
1025	-1.181850	147.596808	0.039353	1.2
1026	-1.184871	147.518216	0.099212	1.2
1027	-0.599996	147.439735	0.011616	1.2
1028	-0.639125	147.361365	0.005299	1.2
1029	-1.126430	147.283106	0.019024	1.3
1030	-1.151213	147.204958	0.070747	1.2
1031	-0.801096	147.126920	0.013444	1.1
1032	-0.846279	147.048993	0.037561	1.1
1033	-0.851949	146.971175	0.015401	1.2
1034	-1.147479	146.893468	0.038397	1.2
1035	-1.016694	146.815869	0.074115	1.4
1036	-0.675199	146.738380	0.028937	1.2
1037	-0.797794	146.661000	0.017905	1.1
1038	-0.694276	146.583729	0.052741	1.1
1039	-0.964731	146.506566	0.093778	1.1
1040	-0.943448	146.429511	0.063137	1.1
1041	-0.984007	146.352565	0.063663	1.1
1042	-0.570009	146.275726	0.007701	1.1
1043	-0.514490	146.198994	0.004658	1.1
1044	-0.903511	146.122370	0.004442	1.1
1045	-1.192715	146.045853	0.025613	1.1
1046	-0.669424	145.969442	0.007691	1.1
1047	-1.219709	145.893139	0.041291	1.1
1048	-0.575760	145.816941	0.023588	1.1
1049	-0.410135	145.740849	0.045595	1.1
1050	-0.956492	145.664863	0.060191	1.1
1051	-0.650661	145.588983	0.012906	1.1
1052	-0.630283	145.513208	0.010049	1.1
1053	-1.007180	145.437538	0.108353	1.1
1054	-0.013701	145.361973	0.000028	1.1
1055	-0.803174	145.286513	0.031095	1.1
1056	-0.723250	145.211157	0.013052	1.2
1057	-1.130623	145.135905	0.039901	1.1
1058	-0.859149	145.060757	0.026923	1.1
1059	-0.905748	144.985712	0.032680	1.1
1060	-1.234807	144.910771	0.050281	1.1
1061	-0.834472	144.835934	0.040669	1.1
1062	-0.537706	144.761199	0.010077	1.1
1063	-1.228047	144.686567	0.019232	1.1
1064	-0.876138	144.612037	0.012379	1.1
1065	-0.993003	144.537610	0.038646	1.1
1066	-1.155379	144.463285	0.039155	1.1
1067	-1.336094	144.389062	0.053203	1.1
1068	-1.167522	144.314940	0.024996	1.1
1069	-0.997957	144.240920	0.016645	1.1
1070	-0.591319	144.167001	0.011116	1.1
1071	-0.652487	144.093182	0.005062	1.1
1072	-0.624016	144.019465	0.010977	1.1
1073	-1.261713	143.945848	0.077039	1.1
1074	-1.189538	143.872331	0.049991	1.1
1075	-0.681481	143.798914	0.027815	1.1
1076	-0.828356	143.725597	0.020365	1.1
1077	-1.015155	143.652380	0.020576	1.1
1078	-0.903309	143.579262	0.056211	1.1
1079	-1.159013	143.506243	0.016094	1.1
1080	-0.844871	143.433323	0.013881	1.1
1081	-0.842521	143.360502	0.031406	1.1
1082	-0.736150	143.287780	0.025505	1.1
1083	-0.992380	143.215155	0.026885	1.1
1084	-0.851106	143.142629	0.025510	1.1
1085	-1.154791	143.070201	0.012056	1.1
1086	-0.532961	142.997870	0.019727	1.1
1087	-0.488937	142.925637	0.016489	1.1
1088	-1.005044	142.853501	0.020182	1.2
1089	-0.853034	142.781462	0.013218	1.2
1090	-1.023349	142.709519	0.098318	1.1
1091	-1.154049	142.637674	0.047951	1.1
1092	-0.577852	142.565924	0.050969	1.1
1093	-0.628592	142.494271	0.019209	1.1
1094	-1.224106	142.422714	0.015712	1.1
1095	-1.076385	142.351252	0.073956	1.1
1096	-0.862087	142.279886	0.024116	1.1
1097	-0.492824	142.208616	0.003504	1.1
1098	-0.846169	142.137440	0.029690	1.1
1099	-0.623728	142.066360	0.014563	1.1
1100	-1.060572	141.995374	0.017010	1.2
1101	-0.809256	141.924483	0.033362	1.1
1102	-1.173942	141.853685	0.039678	1.1
1103	-0.119482	141.782983	0.006325	1.1
1104	-0.996643	141.712373	0.023196	1.1
1105	-0.652902	141.641858	0.020701	1.1
1106	-0.401051	141.571436	0.005255	1.1
1107	-0.874306	141.501108	0.025109	1.1
1108	-0.601942	141.430872	0.006568	1.1
1109	-1.271465	141.360730	0.049796	1.1
1110	-0.452712	141.290680	0.008391	1.1
1111	-1.088874	141.220722	0.018887	1.1
1112	-1.225487	141.150857	0.091966	1.1
1113	-1.141263	141.081084	0.019677	1.1
1114	-0.595172	141.011403	0.042018	1.1
1115	-0.544022	140.941813	0.040070	1.1
1116	-0.991054	140.872315	0.023531	1.5
1117	-0.752519	140.802909	0.027288	1.1
1118	-0.722657	140.733593	0.019429	1.1
1119	-0.958753	140.664369	0.024312	1.1
1120	-0.901706	140.595235	0.047754	1.1
1121	-0.815741	140.526192	0.021411	1.1
1122	-0.695484	140.457239	0.021691	1.1
1123	-0.818304	140.388376	0.009934	1.1
1124	-0.598056	140.319603	0.020077	1.1
1125	-0.693262	140.250920	0.024234	1.1
1126	-1.044767	140.182326	0.036813	1.1
1127	-0.817476	140.113822	0.011539	1.1
1128	-0.891003	140.045407	0.028517	1.1
1129	-0.797898	139.977081	0.050346	1.2
1130	-1.092003	139.908844	0.120189	1.1
1131	-1.196882	139.840696	0.059991	1.2
1132	-0.604973	139.772635	0.030074	1.1
1133	-0.817883	139.704664	0.022121	1.1
1134	-1.219955	139.636780	0.021844	1.1
1135	-0.880776	139.568984	0.043772	1.1
1136	-1.226360	139.501276	0.090566	1.1
1137	-0.765550	139.433655	0.022616	1.1
1138	-0.928141	139.366122	0.019354	1.1
1139	-0.886645	139.298676	0.039017	1.1
1140	-1.163805	139.231317	0.050075	1.1
1141	-1.300796	139.164045	0.051541	1.1
1142	-0.490004	139.096859	0.011999	1.1
1143	-0.736383	139.029760	0.019916	1.1
1144	-1.334724	138.962747	0.055432	1.1
1145	-1.048507	138.895820	0.059349	1.1
1146	-1.263612	138.828978	0.040087	1.2
1147	-1.073577	138.762223	0.052878	1.1
1148	-0.878390	138.695553	0.008367	1.1
1149	-1.088091	138.628969	0.020872	1.1
1150	-0.693076	138.562469	0.020499	1.1
1151	-0.690122	138.496055	0.015058	1.1
1152	-0.838520	138.429725	0.024029	1.1
1153	-0.782016	138.363481	0.035719	1.1
1154	-1.075669	138.297320	0.046173	1.1
1155	-0.902704	138.231244	0.012354	1.1
1156	-1.110682	138.165252	0.026311	1.1
1157	-0.615044	138.099344	0.025380	1.1
1158	-0.673022	138.033520	0.005985	1.1
1159	-0.558390	137.967779	0.009524	1.2
1160	-0.525391	137.902122	0.015417	1.1
1161	-0.835882	137.836548	0.009713	1.1
1162	-0.448806	137.771057	0.004486	1.1
1163	-0.748293	137.705649	0.014531	1.1
1164	-0.542536	137.640324	0.004405	1.1
1165	-0.434016	137.575081	0.006720	1.1
1166	-1.072090	137.509921	0.068108	1.1
1167	-0.914171	137.444842	0.026348	1.1
1168	-1.107757	137.379846	0.020423	1.2
1169	-0.523539	137.314932	0.015161	1.1
1170	-1.332071	137.250100	0.056601	1.1
1171	-0.794637	137.185349	0.004704	1.1
1172	-1.195096	137.120680	0.037804	1.1
1173	-0.768215	137.056092	0.015479	1.1
1174	-0.817319	136.991585	0.009672	1.1
1175	-0.965930	136.927158	0.041951	1.1
1176	-0.576239	136.862813	0.004539	1.1
1177	-1.275079	136.798548	0.038116	1.1
1178	-0.794727	136.734363	0.029818	1.1
1179	-0.475059	136.670259	0.006084	1.1
1180	-0.091675	136.606235	0.003039	1.1
1181	-0.624045	136.542291	0.004818	1.1
1182	-0.950220	136.478426	0.059576	1.1
1183	-1.100545	136.414641	0.026013	1.1
1184	-1.159600	136.350936	0.020977	1.1
1185	-0.948773	136.287310	0.035524	1.1
1186	-0.896664	136.223763	0.064106	1.1
1187	-1.089227	136.160295	0.081855	1.1
1188	-0.721440	136.096905	0.020532	1.1
1189	-0.399527	136.033594	0.015131	1.1
1190	-0.528860	135.970362	0.020384	1.2
1191	-1.064794	135.907208	0.014718	1.1
1192	-0.806584	135.844133	0.085111	1.1
1193	-0.965102	135.781135	0.009164	1.1
1194	-0.790289	135.718215	0.059362	1.1
1195	-0.553913	135.655373	0.009550	1.1
1196	-0.812252	135.592608	0.026435	1.1
1197	-0.733485	135.529921	0.016364	1.1
1198	-0.735134	135.467311	0.026388	1.1
1199	-1.124433	135.404778	0.053041	2.0
1200	-0.719856	135.342322	0.027378	1.2
1201	-1.137608	135.279942	0.019795	1.1
1202	-0.620149	135.217640	0.005317	1.1
1203	-1.008471	135.155413	0.044130	1.2
1204	-1.060474	135.093263	0.057389	1.1
1205	-0.469457	135.031190	0.008335	1.1
1206	-0.671036	134.969192	0.011147	1.2
1207	-0.871003	134.907270	0.008945	1.2
1208	-0.347339	134.845424	0.010589	1.7
1209	-0.736285	134.783653	0.030357	1.1
1210	-0.889541	134.721958	0.024025	1.1
1211	-0.890778	134.660338	0.033872	1.1
1212	-0.921529	134.598793	0.062810	1.1
1213	-0.801534	134.537323	0.015572	1.1
1214	-0.903886	134.475927	0.030247	1.2
1215	-0.627082	134.414607	0.015679	1.1
1216	-0.828316	134.353361	0.014430	1.2
1217	-0.851546	134.292189	0.024849	1.1
1218	-1.194288	134.231092	0.033195	1.1
1219	-0.716546	134.170068	0.011372	1.1
1220	-0.588839	134.109119	0.010653	1.1
1221	-1.171706	134.048243	0.005729	1.1
1222	-0.857780	133.987441	0.007877	1.1
1223	-0.664908	133.926713	0.016877	1.1
1224	-0.997491	133.866057	0.026027	1.1
1225	-0.903086	133.805475	0.016494	1.1
1226	-0.429849	133.744966	0.004540	1.1
1227	-1.288545	133.684530	0.015663	1.1
1228	-0.625504	133.624167	0.004037	1.1
1229	-0.535866	133.563877	0.016628	1.1
1230	-1.080977	133.503658	0.060998	1.1
1231	-1.208633	133.443513	0.036295	1.1
1232	-1.184400	133.383439	0.015148	1.1
1233	-0.703128	133.323437	0.005590	1.1
1234	-0.850645	133.263508	0.030094	1.1
1235	-0.867953	133.203650	0.019337	1.1
1236	-0.348661	133.143864	0.015558	1.1
1237	-0.000884	133.084149	0.000120	1.1
1238	-1.287123	133.024506	0.011068	1.1
1239	-0.759252	132.964934	0.009528	1.1
1240	-1.044200	132.905433	0.076181	1.1
1241	-0.778616	132.846003	0.016580	1.1
1242	-0.837612	132.786643	0.013876	1.1
1243	-0.952762	132.727355	0.079323	1.1
1244	-0.707354	132.668137	0.005704	1.1
1245	-0.841758	132.608989	0.030942	1.1
1246	-0.662343	132.549912	0.017415	1.1
1247	-0.450344	132.490904	0.005654	1.1
1248	-0.816361	132.431967	0.006730	1.1
1249	-0.970825	132.373100	0.058260	1.1
1250	-0.312723	132.314302	0.009456	1.1
1251	-0.648834	132.255574	0.007854	1.1
1252	-0.706930	132.196916	0.040688	1.1
1253	-0.710473	132.138326	0.038234	1.1
1254	-1.198942	132.079806	0.078668	1.1
1255	-0.698285	132.021355	0.010218	1.1
1256	-0.935057	131.962973	0.024045	1.1
1257	-0.974182	131.904660	0.028748	1.1
1258	-0.796806	131.846415	0.030220	1.1
1259	-0.004727	131.788239	0.000566	1.1
1260	-0.965882	131.730131	0.015499	1.2
1261	-0.887265	131.672092	0.008641	1.1
1262	-0.145685	131.614121	0.008431	1.1
1263	-0.534192	131.556217	0.007816	1.1
1264	-0.745227	131.498382	0.009452	1.1
1265	-0.933087	131.440614	0.016279	1.1
1266	-0.942031	131.382914	0.020033	1.1
1267	-1.053711	131.325282	0.013741	1.1
1268	-1.181068	131.267717	0.032126	1.1
1269	-0.907566	131.210219	0.034791	1.1
1270	-0.653080	131.152788	0.016977	1.1
1271	-0.895120	131.095424	0.038914	1.1
1272	-0.738897	131.038127	0.076864	1.1
1273	-1.156690	130.980897	0.069866	1.1
1274	-0.608993	130.923733	0.039482	1.1
1275	-0.957393	130.866636	0.070105	1.1
1276	-0.693002	130.809605	0.004927	1.1
1277	-0.899169	130.752641	0.019032	1.1
1278	-1.302162	130.695742	0.020859	1.1
1279	-1.072946	130.638910	0.044900	1.1
1280	-1.179612	130.582143	0.052573	1.1
1281	-1.270705	130.525442	0.021562	1.1
1282	-0.409362	130.468807	0.013790	1.1
1283	-0.995962	130.412237	0.024211	1.1
1284	-1.483476	130.355733	0.031704	1.1
1285	-0.573416	130.299294	0.007226	1.1
1286	-0.498734	130.242920	0.003382	1.1
1287	-0.631674	130.186611	0.003859	1.1
1288	-1.424417	130.130366	0.028386	1.1
1289	-1.021724	130.074187	0.048627	1.1
1290	-0.883839	130.018072	0.021013	1.1
1291	-1.037781	129.962022	0.032771	1.1
1292	-0.673343	129.906036	0.027124	1.1
1293	-1.128444	129.850114	0.090028	1.1
1294	-0.784852	129.794257	0.033730	1.1
1295	-0.986897	129.738463	0.013225	1.1
1296	-0.470859	129.682734	0.010529	1.2
1297	-0.049167	129.627068	0.003146	1.2
1298	-1.051973	129.571466	0.021407	1.1
1299	-0.517740	129.515927	0.010022	1.1
1300	-0.788250	129.460452	0.012246	1.1
1301	-0.607767	129.405040	0.036387	1.1
1302	-1.219343	129.349692	0.039178	1.1
1303	-0.723829	129.294406	0.014472	1.1
1304	-0.765998	129.239183	0.032037	1.1
1305	-1.272748	129.184024	0.047078	1.2
1306	-0.991681	129.128927	0.048001	1.1
1307	-0.776755	129.073892	0.014425	1.1
1308	-1.161911	129.018921	0.088542	1.1
1309	-1.289757	128.964011	0.062619	1.1
1310	-1.013473	128.909164	0.020730	1.2
1311	-0.673405	128.854379	0.037016	1.2
1312	-0.793372	128.799656	0.040887	1.2
1313	-0.519850	128.744995	0.029880	1.1
1314	-1.303284	128.690396	0.093597	1.1
1315	-1.187264	128.635858	0.021080	1.2
1316	-0.833068	128.581382	0.018062	1.1
1317	-0.758972	128.526968	0.019029	1.1
1318	-0.573371	128.472615	0.020218	1.1
1319	-0.469189	128.418323	0.008333	1.1
1320	-1.144223	128.364092	0.061667	1.2
1321	-1.129704	128.309922	0.028064	1.1
1322	-0.751144	128.255814	0.016585	1.2
1323	-0.461808	128.201766	0.006318	1.1
1324	-0.790596	128.147778	0.013039	1.1
1325	-1.175290	128.093852	0.027969	1.1
1326	-1.030440	128.039985	0.078001	1.1
1327	-0.634746	127.986180	0.033203	1.1
1328	-0.963745	127.932434	0.017356	1.1
1329	-0.937620	127.878749	0.063858	1.1
1330	-0.123148	127.825123	0.006148	1.1
1331	-0.697557	127.771558	0.014255	1.1
1332	-0.811348	127.718052	0.016670	1.1
1333	-1.074102	127.664606	0.032468	1.2
1334	-0.491255	127.611220	0.005882	1.1
1335	-0.825399	127.557893	0.012469	1.1
1336	-1.269703	127.504625	0.040671	1.1
1337	-1.275293	127.451417	0.028830	1.2
1338	-0.946848	127.398268	0.010065	1.1
1339	-0.294290	127.345178	0.014846	1.1
1340	-0.248596	127.292147	0.009781	1.1
1341	-1.015679	127.239175	0.035239	1.2
1342	-1.096104	127.186261	0.019697	1.1
1343	-0.388082	127.133407	0.016899	1.1
1344	-0.952279	127.080610	0.025057	1.1
1345	-1.109783	127.027872	0.023380	1.1
1346	-0.758073	126.975193	0.022414	1.1
1347	-0.972339	126.922572	0.033237	1.1
1348	-1.305201	126.870008	0.023356	1.2
1349	-1.352451	126.817503	0.081023	1.1
1350	-0.682512	126.765056	0.014524	1.1
1351	-0.591450	126.712667	0.008550	1.2
1352	-0.535274	126.660335	0.006920	1.1
1353	-0.798342	126.608061	0.033670	1.1
1354	-0.731730	126.555844	0.016828	1.1
1355	-0.759905	126.503685	0.028229	1.1
1356	-0.739646	126.451583	0.011609	1.1
1357	-0.983372	126.399538	0.029707	1.1
1358	-1.331652	126.347550	0.019925	1.2
1359	-0.874941	126.295619	0.007865	1.1
1360	-0.476494	126.243745	0.015326	1.1
1361	-1.274721	126.191928	0.064666	1.1
1362	-0.852391	126.140168	0.014524	1.1
1363	-1.178714	126.088464	0.059399	1.1
1364	-0.830405	126.036817	0.019918	1.2
1365	-0.921153	125.985226	0.015018	1.1
1366	-0.946699	125.933691	0.024223	1.1
1367	-1.385363	125.882212	0.009305	1.1
1368	-0.968347	125.830790	0.024816	1.1
1369	-0.064555	125.779423	0.002969	1.2
1370	-0.821098	125.728113	0.024015	1.2
1371	-1.270483	125.676858	0.031179	1.1
1372	-1.433748	125.625659	0.057712	1.2
1373	-0.727768	125.574515	0.060505	2.0
1374	-0.509145	125.523427	0.012128	1.2
1375	-0.795018	125.472394	0.040408	1.2
1376	-0.258077	125.421417	0.008063	1.2
1377	-0.410092	125.370495	0.007015	1.2
1378	-1.099861	125.319628	0.087887	1.2
1379	-1.278192	125.268815	0.069916	1.2
1380	-1.207472	125.218058	0.015980	1.2
1381	-1.116816	125.167356	0.041750	1.2
1382	-0.839049	125.116708	0.025181	1.2
1383	-0.881736	125.066115	0.063156	1.2
1384	-1.221666	125.015576	0.042812	1.4
1385	-0.869333	124.965092	0.082774	1.1
1386	-0.820235	124.914662	0.008089	1.2
1387	-0.578503	124.864287	0.004672	1.1
1388	-0.995876	124.813965	0.025944	1.2
1389	-0.581744	124.763698	0.014189	1.2
1390	-0.781974	124.713485	0.025591	1.1
1391	-0.882053	124.663325	0.008771	1.2
1392	-0.852044	124.613219	0.009929	1.1
1393	-0.611352	124.563167	0.008981	1.1
1394	-0.551248	124.513168	0.011563	1.1
1395	-0.797850	124.463223	0.031940	1.2
1396	-0.567247	124.413332	0.011318	1.1
1397	-0.772438	124.363493	0.012012	1.1
1398	-0.561938	124.313708	0.003077	1.1
1399	-0.799877	124.263976	0.013742	1.1
1400	-0.464390	124.214297	0.010695	1.1
1401	-0.807230	124.164671	0.013892	1.1
1402	-1.081662	124.115097	0.020606	1.1
1403	-0.507214	124.065577	0.005152	1.2
1404	-0.792435	124.016109	0.012774	1.1
1405	-1.054560	123.966693	0.026184	1.1
1406	-1.364171	123.917330	0.099014	1.1
1407	-0.900449	123.868020	0.030218	1.1
1408	-0.556436	123.818762	0.014198	1.1
1409	-1.417055	123.769556	0.016374	1.2
1410	-0.759170	123.720402	0.025657	1.1
1411	-0.843260	123.671300	0.061730	1.1
1412	-1.031213	123.622250	0.026559	1.1
1413	-0.582796	123.573252	0.028956	1.1
1414	-0.776016	123.524305	0.017777	1.1
1415	-1.063936	123.475411	0.017522	1.1
1416	-1.173863	123.426568	0.072337	1.1
1417	-0.572832	123.377776	0.004778	1.2
1418	-0.839162	123.329036	0.033085	1.1
1419	-0.436672	123.280347	0.002940	1.1
1420	-1.036157	123.231709	0.015580	1.1
1421	-1.208488	123.183122	0.075883	1.1
1422	-1.029889	123.134587	0.014282	1.1
1423	-1.068242	123.086102	0.079374	1.1
1424	-0.968625	123.037669	0.015824	1.1
1425	-1.419661	122.989286	0.027877	1.1
1426	-0.711711	122.940954	0.007562	1.1
1427	-1.160259	122.892672	0.046213	1.1
1428	-0.714102	122.844441	0.011147	1.1
1429	-0.765114	122.796261	0.023206	1.1
1430	-1.193283	122.748130	0.108556	1.1
1431	-0.677805	122.700050	0.033657	1.1
1432	-0.930551	122.652021	0.023864	1.1
1433	-0.520005	122.604041	0.009510	1.1
1434	-0.956479	122.556111	0.012226	1.1
1435	-1.120753	122.508232	0.013781	1.1
1436	-0.398796	122.460402	0.007872	1.1
1437	-1.261063	122.412622	0.049239	1.1
1438	-1.130485	122.364891	0.042687	1.1
1439	-0.853491	122.317210	0.015093	1.1
1440	-0.780445	122.269579	0.024905	1.2
1441	-0.981272	122.221997	0.024852	1.2
1442	-0.882255	122.174465	0.062004	1.1
1443	-0.782997	122.126981	0.014535	1.1
1444	-1.253698	122.079547	0.045315	1.1
1445	-0.777561	122.032162	0.008753	1.1
1446	-0.999784	121.984826	0.008139	1.1
1447	-1.405754	121.937539	0.051818	1.1
1448	-1.286944	121.890301	0.026068	1.2
1449	-1.021442	121.843112	0.077997	1.1
1450	-0.123842	121.795971	0.001153	1.1
1451	-0.551475	121.748879	0.030831	1.2
1452	-0.922977	121.701835	0.013222	1.1
1453	-0.605631	121.654840	0.003852	1.2
1454	-1.009006	121.607893	0.020735	1.1
1455	-0.631640	121.560994	0.004029	1.1
1456	-1.205002	121.514144	0.014642	1.1
1457	-0.709676	121.467342	0.008501	1.2
1458	-0.863730	121.420588	0.010735	1.1
1459	-0.747808	121.373882	0.012227	1.1
1460	-1.090634	121.327223	0.032680	1.1
1461	-0.966018	121.280613	0.089679	1.1
1462	-0.948324	121.234050	0.030767	1.2
1463	-1.049798	121.187535	0.027338	1.1
1464	-0.920033	121.141067	0.028267	1.2
1465	-0.746476	121.094647	0.077556	1.1
1466	-1.035409	121.048274	0.014284	1.1
1467	-0.638844	121.001949	0.013375	1.1
1468	-0.480716	120.955671	0.007417	1.2
1469	-0.695482	120.909440	0.010159	1.1
1470	-0.524256	120.863256	0.004616	1.2
1471	-1.204195	120.817119	0.041231	1.1
1472	-0.915242	120.771029	0.020258	1.1
1473	-1.130840	120.724986	0.075661	1.1
1474	-0.613670	120.678990	0.017442	1.1
1475	-0.771914	120.633040	0.009188	1.2
1476	-1.114358	120.587137	0.033160	1.1
1477	-0.940854	120.541281	0.037521	1.1
1478	-0.883654	120.495471	0.054272	1.1
1479	-0.968658	120.449707	0.110950	1.2
1480	-1.018571	120.403990	0.045332	1.1
1481	-1.210506	120.358319	0.032721	1.1
1482	-1.117867	120.312694	0.015221	1.1
1483	-0.560708	120.267115	0.024415	1.1
1484	-0.557424	120.221582	0.009456	1.1
1485	-0.517532	120.176096	0.012148	1.1
1486	-1.188413	120.130655	0.029001	1.1
1487	-1.009049	120.085260	0.065564	1.2
1488	-0.853954	120.039910	0.031114	1.1
1489	-1.232586	119.994606	0.045142	1.1
1490	-1.164733	119.949348	0.086651	1.1
1491	-1.321085	119.904135	0.029278	1.1
1492	-0.968581	119.858968	0.013572	1.1
1493	-0.952443	119.813846	0.026351	1.1
1494	-0.968947	119.768769	0.050963	1.1
1495	-0.559658	119.723738	0.012747	1.1
1496	-0.942992	119.678752	0.026904	1.1
1497	-0.960853	119.633810	0.007332	1.1
1498	-1.298473	119.588914	0.041495	1.2
1499	-0.789617	119.544062	0.030115	1.1
1500	-0.225358	119.499256	0.011530	1.1
1501	-1.262124	119.454494	0.034951	1.2
1502	-0.467673	119.409777	0.006277	1.2
1503	-0.999268	119.365104	0.040215	1.1
1504	-0.731444	119.320476	0.024948	1.1
1505	-1.288312	119.275893	0.057959	1.1
1506	-1.224245	119.231353	0.079474	1.1
1507	-0.056657	119.186859	0.003877	1.1
1508	-1.004207	119.142408	0.007280	1.2
1509	-1.341147	119.098002	0.033330	1.1
1510	-1.506559	119.053639	0.035356	1.2
1511	-1.455012	119.009321	0.038708	1.1
1512	-1.405779	118.965047	0.007757	1.1
1513	-1.235770	118.920816	0.047651	1.1
1514	-0.587478	118.876630	0.018176	1.1
1515	-1.293859	118.832487	0.060052	1.1
1516	-0.721705	118.788388	0.014885	1.2
1517	-0.752555	118.744332	0.015353	1.1
1518	-0.633524	118.700320	0.012393	1.1
1519	-0.956632	118.656352	0.043284	1.1
1520	-0.781302	118.612427	0.011386	1.2
1521	-0.793549	118.568545	0.036266	1.1
1522	-0.494590	118.524706	0.037360	1.2
1523	-1.138626	118.480911	0.017148	1.2
1524	-1.191542	118.437159	0.073713	1.1
1525	-1.110446	118.393450	0.089727	1.1
1526	-1.095299	118.349784	0.070443	1.1
1527	-0.702866	118.306160	0.015727	1.1
1528	-0.619352	118.262580	0.006090	1.1
1529	-0.780202	118.219042	0.009953	1.1
1530	-1.101087	118.175548	0.021655	1.1
1531	-1.267473	118.132095	0.024897	1.1
1532	-0.757360	118.088686	0.078375	1.1
1533	-0.699495	118.045319	0.012867	1.1
1534	-0.992950	118.001994	0.035759	1.1
1535	-0.987172	117.958712	0.035541	1.1
1536	-0.768322	117.915472	0.008086	1.1
1537	-0.878096	117.872274	0.015247	1.1
1538	-1.031514	117.829118	0.087598	1.1
1539	-1.014178	117.786005	0.041017	1.1
1540	-0.706358	117.742933	0.044964	1.1
1541	-0.793894	117.699904	0.009218	1.1
1542	-0.672863	117.656916	0.020904	1.1
1543	-1.027551	117.613971	0.050357	1.1
1544	-1.034532	117.571067	0.018414	1.1
1545	-0.804998	117.528205	0.017058	1.8
1546	-1.358012	117.485384	0.027944	1.2
1547	-0.848470	117.442605	0.088101	1.2
1548	-1.326620	117.399867	0.020158	1.2
1549	-0.391749	117.357171	0.002253	1.1
1550	-0.741579	117.314517	0.028798	1.1
1551	-1.490841	117.271903	0.077203	1.2
1552	-1.159881	117.229331	0.021849	1.1
1553	-0.050735	117.186800	0.002304	1.3
1554	-0.563100	117.144311	0.014288	1.3
1555	-0.466877	117.101862	0.003155	1.3
1556	-1.257375	117.059454	0.011078	1.2
1557	-0.672849	117.017087	0.010573	1.1
1558	-0.640769	116.974762	0.015996	1.1
1559	-1.010219	116.932476	0.005907	1.1
1560	-0.885394	116.890232	0.014605	1.1
1561	-0.497324	116.848028	0.015678	1.1
1562	-1.126899	116.805865	0.042949	1.1
1563	-0.669960	116.763743	0.019063	1.1
1564	-0.424544	116.721661	0.004258	1.1
1565	-1.227204	116.679619	0.013982	1.1
1566	-0.686417	116.637618	0.059432	1.1
1567	-0.957567	116.595657	0.008173	1.1
1568	-0.513267	116.553736	0.012896	1.1
1569	-0.846698	116.511855	0.009751	1.1
1570	-0.850214	116.470015	0.011024	1.1
1571	-1.315357	116.428214	0.047563	1.1
1572	-1.091799	116.386454	0.013377	1.1
1573	-0.039909	116.344733	0.001288	1.1
1574	-0.640016	116.303052	0.005674	1.1
1575	-0.658278	116.261412	0.048581	1.2
1576	-1.056361	116.219810	0.073531	1.1
1577	-0.936467	116.178249	0.032929	1.2
1578	-1.294011	116.136727	0.021547	1.1
1579	-0.963133	116.095245	0.020455	1.1
1580	-0.768905	116.053802	0.018173	1.1
1581	-1.118641	116.012398	0.060877	1.1
1582	-1.491857	115.971034	0.043266	1.1
1583	-0.463597	115.929710	0.006844	1.1
1584	-1.191498	115.888424	0.027018	1.1
1585	-0.587150	115.847178	0.004538	1.1
1586	-0.803405	115.805970	0.020232	1.1
1587	-1.093492	115.764802	0.021765	1.1
1588	-0.236956	115.723673	0.009194	1.1
1589	-0.766489	115.682583	0.020193	1.1
1590	-1.173694	115.641532	0.033711	1.1
1591	-1.072659	115.600519	0.098514	1.1
1592	-0.196884	115.559546	0.006153	1.1
1593	-0.890166	115.518610	0.050471	1.1
1594	-0.599713	115.477714	0.009037	1.1
1595	-1.262102	115.436856	0.015080	1.1
1596	-0.948963	115.396037	0.011172	1.1
1597	-0.603302	115.355256	0.019098	1.1
1598	-0.854776	115.314514	0.006164	1.1
1599	-0.813931	115.273810	0.013481	1.1
1600	-0.888551	115.233144	0.009467	1.1
1601	-0.765652	115.192517	0.038892	1.1
1602	-0.740475	115.151927	0.007570	1.1
1603	-1.002896	115.111376	0.028761	1.1
1604	-1.186381	115.070863	0.017788	1.1
1605	-1.005553	115.030388	0.007742	1.1
1606	-1.253483	114.989951	0.021208	1.1
1607	-0.861420	114.949551	0.007368	1.1
1608	-0.764361	114.909190	0.012239	1.1
1609	-1.073448	114.868866	0.022191	1.1
1610	-1.264362	114.828580	0.101433	1.1
1611	-0.805866	114.788332	0.033524	1.1
1612	-0.714989	114.748121	0.015163	1.1
1613	-1.112585	114.707948	0.008836	1.1
1614	-0.090801	114.667812	0.000711	1.1
1615	-1.411927	114.627714	0.078442	1.1
1616	-0.893194	114.587653	0.042955	1.1
1617	-0.208564	114.547629	0.006656	1.1
1618	-0.781340	114.507643	0.024744	1.1
1619	-1.039997	114.467693	0.035319	1.1
1620	-0.705696	114.427781	0.018036	1.1
1621	-0.660084	114.387907	0.007393	1.2
1622	-1.154489	114.348069	0.020253	1.1
1623	-0.836105	114.308268	0.050698	1.2
1624	-1.188051	114.268504	0.017602	1.1
1625	-1.235786	114.228777	0.027695	1.1
1626	-0.818832	114.189086	0.028983	1.1
1627	-0.608949	114.149433	0.018140	1.1
1628	-1.072447	114.109816	0.083322	1.1
1629	-0.835321	114.070235	0.070709	1.1
1630	-0.563167	114.030692	0.005103	1.1
1631	-1.087996	113.991185	0.025330	1.1
1632	-1.236881	113.951714	0.020831	1.1
1633	-0.626278	113.912280	0.013233	1.1
1634	-1.036662	113.872882	0.015553	1.1
1635	-0.974194	113.833521	0.011789	1.2
1636	-0.746085	113.794195	0.011244	1.1
1637	-1.345685	113.754906	0.085310	1.1
1638	-1.045784	113.715653	0.003440	1.1
1639	-1.148487	113.676437	0.027069	1.1
1640	-1.204392	113.637256	0.045159	1.1
1641	-0.677895	113.598111	0.042919	1.1
1642	-0.967627	113.559002	0.010836	1.1
1643	-1.186926	113.519929	0.078347	1.1
1644	-1.391981	113.480892	0.028342	1.1
1645	-1.052383	113.441891	0.013412	1.1
1646	-1.129261	113.402925	0.027325	1.1
1647	-1.088743	113.363995	0.037652	1.1
1648	-1.100545	113.325101	0.040054	1.1
1649	-0.742995	113.286242	0.013296	1.1
1650	-0.904388	113.247419	0.018420	1.1
1651	-0.986392	113.208631	0.025958	1.2
1652	-1.246111	113.169879	0.019515	1.1
1653	-0.806722	113.131162	0.057339	1.1
1654	-1.533574	113.092480	0.084075	1.1
1655	-1.163241	113.053833	0.064844	1.1
1656	-0.486170	113.015222	0.042768	1.1
1657	-0.847547	112.976646	0.008444	1.1
1658	-0.898548	112.938105	0.019331	1.1
1659	-0.701089	112.899599	0.019786	1.1
1660	-0.873112	112.861128	0.026466	1.1
1661	-1.480692	112.822692	0.053720	1.1
1662	-1.222462	112.784291	0.021137	1.1
1663	-0.584577	112.745924	0.013173	1.1
1664	-0.709683	112.707593	0.051394	1.1
1665	-0.944188	112.669296	0.012059	1.2
1666	-1.080399	112.631034	0.015908	1.1
1667	-1.343633	112.592806	0.106584	1.1
1668	-0.967904	112.554613	0.019362	1.1
1669	-1.234653	112.516455	0.024565	1.1
1670	-0.785559	112.478331	0.004964	1.1
1671	-0.836753	112.440241	0.036634	1.1
1672	-1.112568	112.402186	0.097583	1.1
1673	-0.983955	112.364165	0.008822	1.1
1674	-1.136527	112.326179	0.062559	1.1
1675	-0.715638	112.288227	0.009683	1.1
1676	-0.565681	112.250309	0.021030	1.1
1677	-0.913956	112.212425	0.018251	1.1
1678	-1.034558	112.174575	0.013054	1.1
1679	-0.624975	112.136759	0.078327	1.1
1680	-0.935961	112.098977	0.015264	1.1
1681	-0.674681	112.061229	0.023259	1.1
1682	-0.979859	112.023515	0.021479	1.1
1683	-1.090875	111.985834	0.024966	1.1
1684	-0.587913	111.948188	0.011466	1.1
1685	-0.864084	111.910575	0.056305	1.1
1686	-0.914688	111.872996	0.033334	1.1
1687	-0.929846	111.835450	0.010383	1.1
1688	-0.640658	111.797939	0.016936	1.1
1689	-0.881712	111.760460	0.010718	1.1
1690	-1.336946	111.723015	0.084353	1.1
1691	-1.427708	111.685604	0.042358	1.1
1692	-0.678261	111.648226	0.029453	1.1
1693	-1.186457	111.610881	0.048981	1.6
1694	-0.918317	111.573570	0.007735	1.3
1695	-0.571131	111.536292	0.004297	1.1
1696	-0.592839	111.499047	0.013704	1.1
1697	-0.776570	111.461835	0.008586	1.1
1698	-0.364543	111.424656	0.008259	1.1
1699	-1.267139	111.387510	0.018299	1.1
1700	-1.214214	111.350398	0.027934	1.1
1701	-0.864774	111.313318	0.042165	1.1
1702	-1.343924	111.276271	0.061013	1.1
1703	-0.900888	111.239257	0.014794	1.1
1704	-0.635972	111.202276	0.013374	1.1
1705	-0.583477	111.165328	0.005851	1.1
1706	-0.559948	111.128412	0.009468	1.1
1707	-0.954927	111.091529	0.042001	1.1
1708	-0.691313	111.054679	0.013608	1.1
1709	-1.213203	111.017861	0.053473	1.1
1710	-0.808556	110.981076	0.009356	1.1
1711	-0.668859	110.944323	0.026114	1.1
1712	-0.940262	110.907603	0.033703	1.1
1713	-0.835798	110.870915	0.099805	1.1
1714	-0.907451	110.834259	0.023845	1.1
1715	-0.753000	110.797636	0.073922	1.1
1716	-1.240666	110.761045	0.019521	1.1
1717	-1.007295	110.724486	0.035419	1.1
1718	-0.891606	110.687959	0.012085	1.1
1719	-0.947216	110.651465	0.014144	1.1
1720	-0.606881	110.615002	0.006832	1.1
1721	-0.728372	110.578572	0.005629	1.2
1722	-0.548948	110.542173	0.025309	1.2
1723	-1.056287	110.505807	0.012896	1.2
1724	-0.606445	110.469472	0.018694	1.2
1725	-0.415086	110.433169	0.004164	1.1
1726	-0.543058	110.396898	0.007013	1.2
1727	-1.119809	110.360659	0.036324	1.4
1728	-0.968254	110.324451	0.055661	1.2
1729	-1.354951	110.288276	0.046046	1.3
1730	-0.824397	110.252131	0.068882	1.1
1731	-0.741937	110.216019	0.047643	1.1
1732	-0.578811	110.179937	0.008641	1.1
1733	-1.252212	110.143888	0.008892	1.1
1734	-1.026810	110.107869	0.010697	1.1
1735	-0.531695	110.071882	0.004615	1.1
1736	-1.221013	110.035927	0.018191	1.1
1737	-0.648011	110.000003	0.004640	1.1
1738	-1.085508	109.964110	0.038006	1.2
1739	-1.132210	109.928248	0.016424	1.1
1740	-1.200640	109.892417	0.028387	1.1
1741	-1.308449	109.856618	0.049338	1.1
1742	-1.104532	109.820850	0.043048	1.1
1743	-0.613535	109.785112	0.025396	1.1
1744	-0.590498	109.749406	0.004735	1.1
1745	-1.313228	109.713730	0.063773	1.1
1746	-0.756164	109.678086	0.029400	1.1
1747	-0.574991	109.642472	0.009484	1.1
1748	-1.003711	109.606890	0.011053	1.1
1749	-1.081920	109.571337	0.023671	1.1
1750	-0.859586	109.535816	0.065040	1.1
1751	-1.139767	109.500326	0.024089	1.1
1752	-1.308220	109.464866	0.045632	1.2
1753	-1.214868	109.429436	0.090462	1.1
1754	-1.069685	109.394038	0.036459	1.1
1755	-0.409064	109.358669	0.013452	1.1
1756	-1.151708	109.323331	0.056581	1.1
1757	-0.759679	109.288024	0.017863	1.1
1758	-0.622570	109.252747	0.006020	1.1
1759	-1.049351	109.217501	0.020217	1.1
1760	-1.130517	109.182284	0.019894	1.1
1761	-0.729896	109.147098	0.016848	1.1
1762	-0.977340	109.111942	0.055894	1.1
1763	-0.842901	109.076817	0.017519	1.1
1764	-0.576757	109.041721	0.014100	1.1
1765	-0.822560	109.006656	0.013687	1.1
1766	-1.105195	108.971620	0.057024	1.1
1767	-0.730069	108.936615	0.009556	1.1
1768	-0.724805	108.901640	0.019554	1.1
1769	-0.990280	108.866694	0.014773	1.1
1770	-0.737942	108.831779	0.020357	1.1
1771	-0.849746	108.796893	0.082537	1.1
1772	-0.176765	108.762037	0.001555	1.1
1773	-0.733072	108.727211	0.005037	1.1
1774	-0.727999	108.692415	0.008705	1.1
1775	-0.882403	108.657648	0.021605	1.1
1776	-0.851116	108.622911	0.071005	1.1
1777	-0.733998	108.588203	0.007279	1.1
1778	-1.304781	108.553525	0.073675	1.1
1779	-1.239240	108.518877	0.076382	1.1
1780	-1.337956	108.484258	0.051987	1.1
1781	-0.818131	108.449668	0.014552	1.1
1782	-0.473392	108.415108	0.005107	1.1
1783	-0.830034	108.380578	0.010435	1.1
1784	-0.573925	108.346076	0.003136	1.2
1785	-0.858281	108.311604	0.007582	1.1
1786	-0.766135	108.277161	0.005025	1.1
1787	-0.615775	108.242747	0.008992	1.1
1788	-0.755358	108.208363	0.024023	1.1
1789	-0.848161	108.174007	0.011268	1.1
1790	-0.994040	108.139681	0.008029	1.1
1791	-0.718148	108.105383	0.003487	1.1
1792	-0.558854	108.071115	0.004470	1.1
1793	-0.794816	108.036875	0.015112	1.1
1794	-0.838805	108.002665	0.007806	1.1
1795	-0.724380	107.968483	0.007157	1.1
1796	-1.251469	107.934330	0.030040	1.2
1797	-0.929394	107.900206	0.027539	1.1
1798	-1.290755	107.866111	0.030994	1.1
1799	-0.729932	107.832044	0.012816	1.1
1800	-0.843375	107.798007	0.018759	1.1
1801	-0.521739	107.763997	0.005161	1.1
1802	-1.361807	107.730017	0.047134	1.1
1803	-0.830482	107.696065	0.063766	1.1
1804	-0.471475	107.662141	0.008797	1.1
1805	-0.860555	107.628246	0.064731	1.1
1806	-0.852974	107.594379	0.031591	1.1
1807	-1.231297	107.560541	0.029850	1.1
1808	-0.966073	107.526731	0.030928	1.2
1809	-0.930766	107.492949	0.007444	1.1
1810	-1.297602	107.459196	0.029643	1.2
1811	-0.972807	107.425471	0.012293	1.2
1812	-1.005594	107.391774	0.023971	1.1
1813	-1.231699	107.358106	0.054624	1.2
1814	-0.861395	107.324465	0.024122	1.1
1815	-0.858398	107.290853	0.007002	1.1
1816	-1.298907	107.257268	0.015840	1.1
1817	-1.265692	107.223712	0.102217	1.1
1818	-1.025040	107.190184	0.021830	1.1
1819	-0.952767	107.156683	0.015812	1.1
1820	-0.993085	107.123211	0.064156	1.1
1821	-1.113496	107.089766	0.117937	1.1
1822	-0.673738	107.056349	0.071169	1.1
1823	-0.406178	107.022960	0.002626	1.1
1824	-0.696785	106.989599	0.020700	1.1
1825	-0.299690	106.956265	0.017873	1.2
1826	-0.837532	106.922960	0.015196	1.1
1827	-0.853058	106.889681	0.019882	1.1
1828	-0.765183	106.856431	0.011666	1.1
1829	-0.584750	106.823208	0.008625	1.1
1830	-1.310247	106.790012	0.023006	1.1
1831	-0.404826	106.756844	0.001789	1.1
1832	-0.455399	106.723703	0.007314	1.1
1833	-0.664106	106.690590	0.047478	1.1
1834	-0.706704	106.657505	0.036656	1.1
1835	-1.348196	106.624446	0.048514	1.1
1836	-1.133937	106.591415	0.073215	1.1
1837	-0.828121	106.558411	0.032951	1.1
1838	-1.077840	106.525435	0.052447	1.2
1839	-0.960180	106.492485	0.034200	1.1
1840	-1.189380	106.459563	0.076435	1.1
1841	-0.706789	106.426668	0.011079	1.1
1842	-1.256158	106.393800	0.033496	1.1
1843	-1.113187	106.360959	0.012310	1.1
1844	-0.444734	106.328145	0.011329	1.1
1845	-0.856899	106.295358	0.017337	1.1
1846	-0.845524	106.262598	0.023670	1.1
1847	-0.819486	106.229865	0.074914	1.1
1848	-0.734063	106.197158	0.017396	1.1
1849	-1.327937	106.164479	0.077153	1.1
1850	-0.546439	106.131826	0.012265	1.1
1851	-0.487475	106.099201	0.028400	1.1
1852	-0.824422	106.066602	0.018104	1.1
1853	-0.797493	106.034029	0.012820	1.1
1854	-1.050757	106.001483	0.031670	1.1
1855	-1.438756	105.968964	0.039163	1.1
1856	-0.744535	105.936472	0.018903	1.1
1857	-0.631792	105.904006	0.016419	1.1
1858	-0.487885	105.871566	0.017646	1.1
1859	-1.456882	105.839153	0.068510	1.1
1860	-1.059906	105.806767	0.023584	1.1
1861	-0.954581	105.774407	0.037300	1.1
1862	-0.697410	105.742073	0.025543	1.1
1863	-0.486587	105.709766	0.016977	1.1
1864	-0.524525	105.677485	0.007426	1.2
1865	-0.326832	105.645230	0.017300	1.2
1866	-0.412596	105.613001	0.010414	1.1
1867	-0.885703	105.580799	0.025136	1.1
1868	-0.911227	105.548623	0.008158	1.1
1869	-0.868356	105.516473	0.013548	1.2
1870	-0.643866	105.484349	0.004493	1.1
1871	-1.354036	105.452251	0.069240	1.1
1872	-0.573338	105.420179	0.013684	1.1
1873	-0.682416	105.388133	0.030707	1.1
1874	-0.716635	105.356113	0.010259	1.1
1875	-0.923646	105.324119	0.008878	1.1
1876	-1.309718	105.292151	0.029249	1.1
1877	-1.150651	105.260209	0.095596	1.1
1878	-1.126975	105.228293	0.026235	1.1
1879	-1.000496	105.196402	0.038284	1.1
1880	-0.890585	105.164537	0.017069	1.1
1881	-0.607540	105.132698	0.034343	1.1
1882	-0.602206	105.100885	0.006618	1.1
1883	-0.772734	105.069097	0.077907	1.1
1884	-1.053474	105.037335	0.008043	1.1
1885	-0.729477	105.005598	0.007404	1.1
1886	-1.062532	104.973887	0.006721	1.1
1887	-0.680742	104.942202	0.012553	1.1
1888	-1.033946	104.910542	0.041265	1.1
1889	-1.193851	104.878907	0.099438	1.1
1890	-0.944912	104.847298	0.043740	1.1
1891	-0.709183	104.815715	0.014336	1.1
1892	-0.781786	104.784156	0.012380	1.1
1893	-1.211394	104.752623	0.026500	1.1
1894	-0.926678	104.721116	0.008460	1.1
1895	-1.215717	104.689633	0.018922	2.1
1896	-0.734040	104.658176	0.014876	1.2
1897	-0.522471	104.626744	0.004899	1.2
1898	-1.417018	104.595337	0.028556	1.2
1899	-0.814307	104.563955	0.008089	1.2
1900	-1.220367	104.532599	0.109210	1.2
1901	-1.009686	104.501267	0.048324	1.2
1902	-1.277377	104.469960	0.027664	1.2
1903	-1.286529	104.438679	0.021304	1.2
1904	-0.645931	104.407422	0.052112	1.1
1905	-0.561216	104.376191	0.006552	1.2
1906	-0.913724	104.344984	0.006492	1.1
1907	-1.431857	104.313802	0.063413	1.1
1908	-0.889491	104.282645	0.011633	1.1
1909	-0.618272	104.251513	0.010583	1.1
1910	-1.395602	104.220405	0.048994	1.1
1911	-0.878684	104.189323	0.008111	1.1
1912	-0.741433	104.158265	0.007823	1.1
1913	-1.069289	104.127231	0.049474	1.1
1914	-1.173502	104.096222	0.017224	1.1
1915	-0.438742	104.065238	0.006438	1.1
1916	-0.922073	104.034279	0.028294	1.1
1917	-0.795744	104.003344	0.020663	1.1
1918	-0.585309	103.972433	0.005204	1.1
1919	-0.861947	103.941547	0.007925	1.1
1920	-0.936295	103.910686	0.023887	1.1
1921	-0.538151	103.879849	0.013886	1.1
1922	-0.937144	103.849036	0.011675	1.1
1923	-0.002082	103.818248	0.000197	1.1
1924	-0.444720	103.787484	0.007251	1.1
1925	-0.978276	103.756744	0.026887	1.1
1926	-1.167869	103.726029	0.077479	1.1
1927	-1.140689	103.695338	0.054971	1.1
1928	-0.533196	103.664671	0.019949	1.1
1929	-1.265688	103.634028	0.100785	1.1
1930	-0.799401	103.603409	0.036419	1.1
1931	-1.187357	103.572814	0.015352	1.1
1932	-1.183344	103.542244	0.019336	1.1
1933	-0.844598	103.511698	0.073684	1.1
1934	-1.349116	103.481175	0.017801	1.1
1935	-0.969481	103.450677	0.008537	1.1
1936	-1.048134	103.420202	0.021687	1.1
1937	-1.199052	103.389752	0.062413	1.1
1938	-0.856140	103.359325	0.035902	1.1
1939	-0.695591	103.328922	0.013099	1.1
1940	-0.671635	103.298543	0.009078	1.1
1941	-1.180508	103.268188	0.038845	1.1
1942	-0.657528	103.237857	0.002842	1.1
1943	-0.956032	103.207549	0.035616	1.1
1944	-0.719720	103.177265	0.027659	1.1
1945	-1.436125	103.147005	0.036379	1.1
1946	-0.928425	103.116768	0.023105	1.1
1947	-0.595269	103.086556	0.013759	1.1
1948	-0.102288	103.056366	0.002757	1.1
1949	-0.780858	103.026200	0.047742	1.1
1950	-0.726706	102.996058	0.012857	1.1
1951	-1.069384	102.965939	0.026869	1.1
1952	-0.384620	102.935844	0.012768	1.1
1953	-1.110594	102.905772	0.009121	1.1
1954	-0.949072	102.875724	0.083011	1.1
1955	-1.103062	102.845699	0.053218	1.1
1956	-0.637465	102.815697	0.016739	1.1
1957	-0.917309	102.785719	0.086311	1.1
1958	-0.693977	102.755764	0.005524	1.1
1959	-0.674330	102.725832	0.006549	1.1
1960	-0.768432	102.695924	0.068951	1.1
1961	-0.476886	102.666038	0.002951	1.1
1962	-0.619687	102.636176	0.003786	1.1
1963	-1.017761	102.606337	0.007233	1.1
1964	-0.661626	102.576521	0.012690	1.1
1965	-0.702173	102.546728	0.005653	1.1
1966	-0.688645	102.516959	0.011107	1.1
1967	-1.498869	102.487212	0.065115	1.1
1968	-0.678749	102.457488	0.010470	1.1
1969	-0.440225	102.427788	0.004363	1.1
1970	-1.040318	102.398110	0.018900	1.1
1971	-1.003524	102.368455	0.020526	1.1
1972	-0.132888	102.338823	0.001631	1.1
1973	-1.188085	102.309214	0.023936	1.1
1974	-0.782451	102.279628	0.009685	1.1
1975	-0.567978	102.250064	0.021055	1.1
1976	-0.961147	102.220524	0.024693	1.1
1977	-0.653085	102.191006	0.012292	1.1
1978	-0.210463	102.161511	0.004304	1.1
1979	-0.482295	102.132038	0.005844	1.1
1980	-1.236980	102.102588	0.032558	1.1
1981	-0.964575	102.073161	0.040498	1.1
1982	-1.189931	102.043757	0.013514	1.1
1983	-0.936680	102.014375	0.010913	1.1
1984	-0.830457	101.985015	0.008350	1.1
1985	-1.269552	101.955678	0.018675	1.1
1986	-1.002486	101.926364	0.021206	1.1
1987	-0.772009	101.897072	0.026655	1.1
1988	-0.994701	101.867802	0.025433	1.1
1989	-0.797230	101.838555	0.009771	1.1
1990	-1.252492	101.809330	0.039764	1.1
1991	-1.016230	101.780128	0.012763	1.1
1992	-1.248520	101.750948	0.020890	1.1
1993	-0.882908	101.721790	0.009894	1.1
1994	-1.346618	101.692654	0.025191	1.1
1995	-1.426383	101.663541	0.031688	1.1
1996	-0.590576	101.634450	0.011038	1.1
1997	-1.087772	101.605381	0.048571	1.1
1998	-1.346672	101.576335	0.011478	1.1
1999	-0.971069	101.547310	0.017055	1.1
