1:ItNr	2:Metric	3a:Time	3b:StepSize	4:||Gradient||	Time[ms]
0	-0.766129	0.000000	2.841083	0.025903	1182.6
1	-0.778526	0.000000	2.841083	0.027375	0.9
2	-0.761015	0.716603	2.747333	0.038546	0.8
3	-0.793092	1.716603	2.626394	0.030723	0.8
4	-0.781223	2.716602	2.515653	0.033888	0.8
5	-0.765655	3.716087	2.413923	0.034891	0.8
6	-0.781227	4.710618	2.320549	0.021747	0.8
7	-0.785952	4.490126	2.340622	0.027973	0.8
8	-0.777871	5.408778	2.259201	0.027396	0.8
9	-0.787335	6.056470	2.205119	0.020021	0.9
10	-0.778666	5.654952	2.238336	0.049361	0.8
11	-0.779209	6.654949	2.157398	0.061664	0.9
12	-0.780695	7.654949	2.082110	0.034540	0.9
13	-0.770164	8.654949	2.011898	0.024288	0.8
14	-0.742924	8.240829	2.040392	0.038557	0.8
15	-0.798526	7.773773	2.073511	0.029537	0.8
16	-0.776840	8.773773	2.003869	0.034404	1.1
17	-0.843960	8.325326	2.034512	0.030023	0.8
18	-0.773065	9.325290	1.967425	0.035974	0.8
19	-0.750047	8.874473	1.997114	0.032429	0.8
20	-0.743067	9.857666	1.933482	0.047331	0.8
21	-0.767816	10.852874	1.873072	0.039040	0.8
22	-0.772180	11.852858	1.816059	0.029654	0.8
23	-0.821187	12.852858	1.762414	0.032441	0.8
24	-0.786947	12.384648	1.787131	0.029882	0.8
25	-0.753247	11.976218	1.809266	0.032709	0.8
26	-0.782797	12.976209	1.756015	0.039333	0.8
27	-0.729713	13.583648	1.725172	0.025252	0.8
28	-0.806675	14.583647	1.676690	0.029005	0.8
29	-0.739934	14.195867	1.695163	0.045598	0.9
30	-0.758715	15.188652	1.648659	0.025200	0.9
31	-0.792578	16.188652	1.604327	0.034381	0.9
32	-0.776211	15.721039	1.624756	0.031004	0.9
33	-0.741326	16.720573	1.581703	0.042885	0.8
34	-0.789663	16.252363	1.601583	0.033545	0.9
35	-0.766310	17.251335	1.559756	0.038237	0.8
36	-0.775525	16.783125	1.579084	0.039175	0.8
37	-0.799690	17.783125	1.538369	0.028547	0.8
38	-0.753689	18.783125	1.499700	0.023862	0.8
39	-0.773570	18.314960	1.517558	0.041535	0.8
40	-0.790995	18.317229	1.517471	0.032986	0.8
41	-0.760662	19.308750	1.480144	0.026631	0.8
42	-0.792385	20.308504	1.444321	0.035601	0.8
43	-0.776437	19.841306	1.460843	0.024180	0.8
44	-0.767196	20.794512	1.427526	0.025284	0.8
45	-0.777025	20.419843	1.440439	0.045118	0.8
46	-0.776811	19.951633	1.456908	0.030361	0.8
47	-0.766726	19.483423	1.473757	0.074323	0.8
48	-0.774639	20.483423	1.438231	0.037378	0.8
49	-0.783236	21.483423	1.404377	0.025850	0.9
50	-0.778909	22.483408	1.372081	0.036943	0.9
51	-0.761968	22.190130	1.381398	0.034896	1.0
52	-0.812977	22.076929	1.385028	0.028107	0.8
53	-0.785171	21.610551	1.400187	0.044454	0.8
54	-0.793252	21.142341	1.415743	0.036417	0.8
55	-0.810349	22.142341	1.382928	0.024248	0.9
56	-0.776799	23.068384	1.353867	0.045080	0.8
57	-0.811831	22.600174	1.368406	0.036168	0.8
58	-0.785297	23.600166	1.337725	0.030193	0.8
59	-0.794587	24.600166	1.308389	0.036705	0.8
60	-0.778734	25.600166	1.280312	0.034756	0.8
61	-0.754216	26.596504	1.253511	0.031520	0.8
62	-0.818229	27.595516	1.227742	0.035592	0.8
63	-0.766891	28.487689	1.205608	0.037676	0.8
64	-0.774120	29.487689	1.181729	0.032946	0.8
65	-0.790995	29.019479	1.192790	0.034899	0.8
66	-0.810683	30.019477	1.169411	0.032149	0.8
67	-0.786988	31.017083	1.146984	0.040679	0.8
68	-0.786616	32.017083	1.125349	0.037378	0.9
69	-0.768667	33.015994	1.104538	0.021994	0.9
70	-0.780115	34.012853	1.084524	0.042173	0.9
71	-0.786128	35.012830	1.065162	0.030736	0.8
72	-0.810715	36.012830	1.046479	0.024999	0.8
73	-0.772685	36.764543	1.032861	0.032131	0.8
74	-0.772161	36.296487	1.041298	0.036578	0.8
75	-0.771983	37.296487	1.023436	0.032178	0.8
76	-0.769504	36.828314	1.031722	0.028114	0.8
77	-0.749677	37.752525	1.015492	0.025752	0.8
78	-0.783866	38.624337	1.000644	0.047888	0.8
79	-0.750404	39.624337	0.984138	0.029583	0.8
80	-0.764962	40.496570	0.970180	0.042396	0.8
81	-0.785969	40.029700	0.977602	0.034207	0.8
82	-0.813917	40.833800	0.964889	0.042748	0.8
83	-0.802210	40.365590	0.972251	0.029418	0.8
84	-0.798817	41.365549	0.956662	0.029847	0.8
85	-0.755544	40.897341	0.963898	0.025963	0.8
86	-0.806024	41.897331	0.948573	0.028859	0.8
87	-0.801298	41.429179	0.955687	0.043582	0.8
88	-0.793493	42.429179	0.940620	0.034854	0.9
89	-0.795564	43.428193	0.926035	0.023338	1.0
90	-0.785663	42.960103	0.932812	0.034543	0.8
91	-0.785923	43.960101	0.918452	0.059440	0.8
92	-0.784720	43.491891	0.925120	0.026052	0.8
93	-0.755449	43.023681	0.931886	0.042347	0.8
94	-0.793210	44.023681	0.917554	0.034367	0.8
95	-0.794686	43.555473	0.924209	0.023280	0.8
96	-0.776344	44.555469	0.910111	0.018261	0.8
97	-0.770639	44.302207	0.913641	0.036281	0.8
98	-0.786199	45.302206	0.899861	0.036349	0.8
99	-0.781645	46.302206	0.886490	0.044511	0.8
100	-0.802811	45.918321	0.891576	0.022448	0.8
101	-0.765618	46.918321	0.878448	0.031573	0.8
102	-0.744431	47.723200	0.868160	0.034871	0.8
103	-0.779306	48.723185	0.855709	0.018293	0.8
104	-0.795963	48.255279	0.861490	0.031931	0.8
105	-0.827458	49.238715	0.849428	0.052203	0.8
106	-0.784785	50.216935	0.837761	0.024768	0.8
107	-0.810072	51.214652	0.826186	0.031517	0.8
108	-0.767206	52.214183	0.814907	0.029649	0.8
109	-0.780597	53.108937	0.805068	0.021203	0.9
110	-0.735940	54.108458	0.794354	0.033175	0.8
111	-0.742429	55.108452	0.783917	0.023606	0.8
112	-0.768628	54.650182	0.788666	0.030269	0.8
113	-0.732322	55.262019	0.782339	0.030236	0.8
114	-0.763627	56.261313	0.772220	0.025622	0.9
115	-0.801043	57.261245	0.762354	0.018829	0.8
116	-0.764581	56.847696	0.766403	0.042016	0.8
117	-0.822385	56.947633	0.765421	0.043494	0.8
118	-0.784918	57.947630	0.755726	0.033269	0.8
119	-0.788399	58.947586	0.746273	0.060059	0.8
120	-0.779338	59.149222	0.744396	0.039013	0.8
121	-0.762778	60.149222	0.735223	0.034630	0.8
122	-0.782726	59.681013	0.739489	0.029157	0.8
123	-0.771110	60.680620	0.730439	0.023712	0.8
124	-0.764274	61.678668	0.721622	0.024168	0.8
125	-0.792980	62.677063	0.713012	0.033201	0.8
126	-0.797579	63.677063	0.704592	0.045801	0.8
127	-0.749402	64.677063	0.696368	0.024662	1.3
128	-0.756450	65.676089	0.688341	0.023219	0.8
129	-0.807025	65.207907	0.692080	0.027386	0.9
130	-0.780072	65.271738	0.691568	0.037173	0.9
131	-0.791872	65.061449	0.693257	0.045478	0.8
132	-0.795224	66.061449	0.685295	0.018621	0.8
133	-0.820251	65.796251	0.687388	0.022774	0.9
134	-0.746264	65.578737	0.689115	0.017747	0.8
135	-0.778340	66.341272	0.683099	0.024291	0.8
136	-0.777389	66.042074	0.685447	0.037794	0.8
137	-0.781172	67.017000	0.677855	0.054924	0.8
138	-0.812305	68.017000	0.670240	0.031052	0.8
139	-0.744796	67.549818	0.673776	0.031462	0.8
140	-0.766639	68.549818	0.666252	0.047049	0.8
141	-0.801606	68.081608	0.669754	0.030866	0.8
142	-0.754630	69.081608	0.662319	0.021881	0.8
143	-0.770080	70.080145	0.655058	0.039940	0.8
144	-0.795402	71.037523	0.648244	0.022931	0.8
145	-0.746916	70.569313	0.651558	0.020741	0.8
146	-0.813592	70.105024	0.654879	0.038419	0.9
147	-0.750622	71.105023	0.647769	0.029475	0.9
148	-0.801607	71.516165	0.644890	0.027982	0.9
149	-0.806044	71.049662	0.648158	0.021244	0.8
150	-0.741082	72.049348	0.641195	0.045782	0.8
151	-0.769089	73.039386	0.634444	0.034727	0.8
152	-0.779437	72.571176	0.637619	0.027558	0.8
153	-0.769056	73.566219	0.630910	0.035544	0.9
154	-0.803458	74.566217	0.624308	0.028078	0.8
155	-0.820414	75.400325	0.618906	0.021207	0.8
156	-0.816692	76.086725	0.614530	0.034231	0.8
157	-0.798906	76.120404	0.614317	0.022383	0.8
158	-0.774613	75.652260	0.617293	0.034004	0.8
159	-0.799785	76.652260	0.610971	0.038337	0.8
160	-0.773446	77.652260	0.604778	0.033983	0.8
161	-0.767302	78.652260	0.598709	0.028619	0.8
162	-0.778022	79.652260	0.592761	0.030521	0.8
163	-0.774256	80.491858	0.587857	0.044015	0.8
164	-0.809687	81.491858	0.582122	0.033757	0.8
165	-0.764120	82.491858	0.576497	0.038151	0.8
166	-0.750883	83.491828	0.570980	0.034702	0.9
167	-0.779680	83.023652	0.573550	0.040183	0.9
168	-0.792509	82.566613	0.576081	0.027458	0.9
169	-0.794027	82.559722	0.576119	0.025432	0.9
170	-0.796778	83.200076	0.572579	0.018127	0.8
171	-0.760971	84.198740	0.567143	0.026050	0.8
172	-0.794025	84.340584	0.566379	0.020969	0.9
173	-0.752203	83.876979	0.568883	0.032514	0.9
174	-0.779952	83.447979	0.571220	0.027470	0.8
175	-0.788180	84.435583	0.565869	0.033100	0.9
176	-0.731315	83.967373	0.568393	0.025755	0.8
177	-0.811907	84.967333	0.563030	0.052860	0.8
178	-0.799524	85.967333	0.557766	0.031329	0.8
179	-0.796655	86.967333	0.552600	0.037262	0.8
180	-0.794752	87.966208	0.547534	0.035409	0.8
181	-0.761686	88.966208	0.542555	0.033626	0.8
182	-0.799346	88.497999	0.544875	0.026823	0.8
183	-0.756313	89.497998	0.539944	0.031782	0.9
184	-0.798170	89.032367	0.542229	0.023189	1.0
185	-0.765611	88.564158	0.544546	0.041341	0.9
186	-0.814683	89.555177	0.539665	0.026418	0.9
187	-0.761567	89.086967	0.541960	0.023831	1.0
188	-0.793103	88.619188	0.544273	0.015091	0.9
189	-0.771375	88.252183	0.546101	0.017610	0.9
190	-0.737732	87.836027	0.548189	0.035623	0.9
191	-0.771363	87.380039	0.550496	0.036378	0.9
192	-0.768550	86.923995	0.552822	0.053071	0.8
193	-0.768284	87.923995	0.547747	0.033694	0.9
194	-0.790658	88.923995	0.542764	0.020053	0.9
195	-0.789788	88.458124	0.545074	0.029444	0.9
196	-0.763494	88.575014	0.544492	0.028788	0.8
197	-0.778863	88.108182	0.546822	0.029287	0.9
198	-0.781282	87.639981	0.549178	0.031892	0.8
199	-0.771833	87.861941	0.548059	0.032664	0.8
200	-0.775955	87.393731	0.550426	0.034862	0.8
201	-0.777433	88.393726	0.545395	0.046299	0.8
202	-0.784612	89.393726	0.540454	0.031322	0.8
203	-0.760270	90.388433	0.535628	0.024660	0.8
204	-0.810552	90.208069	0.536497	0.035944	0.8
205	-0.775288	91.208068	0.531715	0.033682	1.0
206	-0.770139	90.739859	0.533943	0.030406	0.9
207	-0.774068	91.739837	0.529207	0.039069	0.8
208	-0.801005	92.739837	0.524554	0.046014	0.9
209	-0.755846	92.365351	0.526287	0.040427	0.8
210	-0.812261	91.897141	0.528470	0.022619	0.9
211	-0.768732	92.857444	0.524013	0.028758	0.8
212	-0.811891	93.851330	0.519478	0.026975	0.8
213	-0.788829	93.386672	0.521588	0.039049	0.8
214	-0.806275	94.375978	0.517116	0.032179	0.8
215	-0.811137	95.375978	0.512672	0.036392	0.8
216	-0.767783	94.907837	0.514743	0.040022	0.8
217	-0.761277	95.907837	0.510340	0.034477	0.8
218	-0.799881	96.907837	0.506012	0.034625	0.8
219	-0.800505	96.439628	0.508029	0.035120	0.8
220	-0.775358	95.971419	0.510063	0.052009	0.8
221	-0.785591	95.505011	0.512105	0.033246	0.8
222	-0.801657	95.449658	0.512348	0.035808	0.8
223	-0.754224	95.000703	0.514331	0.033401	0.9
224	-0.782430	94.543092	0.516368	0.046909	0.9
225	-0.781396	95.543092	0.511937	0.044921	0.8
226	-0.762888	95.074882	0.514002	0.038345	0.8
227	-0.774861	96.074882	0.509612	0.025672	0.8
228	-0.731746	95.606694	0.511658	0.027612	0.8
229	-0.780701	95.139110	0.513718	0.032035	0.8
230	-0.759456	94.670903	0.515797	0.019145	0.8
231	-0.791163	95.670817	0.511377	0.029055	0.8
232	-0.766429	95.976248	0.510042	0.022153	0.8
233	-0.774245	95.564555	0.511843	0.035247	0.8
234	-0.789920	96.171488	0.509192	0.018656	0.8
235	-0.781409	97.107427	0.505157	0.040403	0.8
236	-0.793390	98.106377	0.500920	0.034361	0.8
237	-0.735039	97.638957	0.502893	0.043311	0.8
238	-0.776745	97.199588	0.504763	0.027020	0.8
239	-0.764146	98.194909	0.500548	0.022254	0.8
240	-0.778399	99.032407	0.497055	0.044206	0.8
241	-0.786690	98.564245	0.499002	0.022884	0.8
242	-0.758693	99.557345	0.494891	0.028118	0.9
243	-0.786365	100.554013	0.490833	0.037026	0.8
244	-0.787195	100.085803	0.492731	0.026934	0.9
245	-0.777664	101.082718	0.488708	0.038970	0.8
246	-0.801341	101.994897	0.485083	0.028167	0.8
247	-0.766401	101.658017	0.486415	0.031663	0.8
248	-0.783435	102.658004	0.482482	0.034772	0.8
249	-0.781201	102.714999	0.482260	0.029284	0.8
250	-0.774288	103.714999	0.478393	0.039088	0.8
251	-0.773940	103.257029	0.480156	0.026866	0.8
252	-0.758103	102.788845	0.481972	0.037007	0.8
253	-0.771537	102.368185	0.483615	0.042793	0.9
254	-0.773146	103.368185	0.479727	0.036884	0.8
255	-0.750051	102.899975	0.481540	0.030763	0.8
256	-0.772739	102.438473	0.483340	0.033621	0.8
257	-0.763992	101.974503	0.485164	0.025686	0.8
258	-0.777585	102.969770	0.481268	0.053933	0.8
259	-0.760069	102.501576	0.483093	0.030667	0.8
260	-0.797659	103.501551	0.479213	0.032729	0.9
261	-0.799793	103.033341	0.481022	0.038085	0.8
262	-0.823124	102.614952	0.482650	0.030968	0.8
263	-0.753168	102.147260	0.484483	0.048915	0.8
264	-0.777250	103.147260	0.480580	0.050404	0.9
265	-0.790659	104.141948	0.476761	0.063131	0.8
266	-0.762597	105.141948	0.472981	0.037599	0.8
267	-0.804018	106.141948	0.469261	0.052567	0.8
268	-0.780763	105.673738	0.470995	0.020370	0.8
269	-0.779535	106.673423	0.467307	0.042651	0.8
270	-0.810275	106.266033	0.468803	0.030857	0.8
271	-0.796792	107.234261	0.465264	0.030737	0.9
272	-0.812088	106.766055	0.466969	0.045621	0.8
273	-0.787265	106.297946	0.468686	0.021810	0.8
274	-0.786191	107.034503	0.465990	0.023050	0.8
275	-0.767695	106.589340	0.467615	0.028124	0.8
276	-0.811033	106.215944	0.468988	0.038710	0.9
277	-0.753501	105.747735	0.470720	0.038786	0.8
278	-0.775806	106.711554	0.467168	0.022301	0.8
279	-0.792889	107.692861	0.463606	0.036148	0.8
280	-0.766454	108.461832	0.460852	0.035070	0.8
281	-0.774117	109.460589	0.457324	0.022834	0.8
282	-0.773046	109.089075	0.458630	0.034515	0.8
283	-0.797164	109.527046	0.457091	0.031434	0.8
284	-0.802255	109.058862	0.458736	0.026820	0.8
285	-0.790806	110.058431	0.455238	0.037296	0.8
286	-0.756577	111.058430	0.451790	0.041915	0.8
287	-0.767040	110.590220	0.453398	0.025510	0.8
288	-0.773787	111.590210	0.449978	0.033566	0.8
289	-0.760219	112.590150	0.446610	0.027572	0.8
290	-0.787349	112.425953	0.447160	0.023608	0.8
291	-0.821293	112.198822	0.447922	0.018486	0.8
292	-0.779445	112.834775	0.445794	0.046810	0.9
293	-0.786053	112.382195	0.447307	0.032746	0.8
294	-0.734228	111.913985	0.448882	0.037216	0.8
295	-0.761692	112.913985	0.445530	0.041438	0.8
296	-0.777066	112.445775	0.447094	0.026708	0.8
297	-0.756618	113.445764	0.443768	0.038195	0.8
298	-0.788872	114.445746	0.440492	0.037813	0.8
299	-0.799976	113.977573	0.442020	0.028975	0.8
300	-0.786722	113.509363	0.443558	0.031016	0.8
301	-0.786417	114.506265	0.440295	0.040971	0.9
302	-0.761406	115.506265	0.437070	0.016492	0.8
303	-0.745989	115.327482	0.437643	0.048351	0.9
304	-0.799986	116.327328	0.434456	0.030055	0.8
305	-0.776548	115.859176	0.435943	0.036132	0.8
306	-0.771888	115.444455	0.437268	0.042489	0.8
307	-0.788305	116.444455	0.434086	0.028662	0.8
308	-0.777101	115.976273	0.435570	0.022089	0.8
309	-0.755785	116.758590	0.433096	0.033153	0.8
310	-0.796674	117.758441	0.429976	0.044903	0.8
311	-0.812033	117.290403	0.431431	0.040569	0.9
312	-0.771763	118.290355	0.428334	0.034267	0.8
313	-0.807283	117.825248	0.429769	0.025881	0.8
314	-0.799258	118.822063	0.426705	0.049850	0.8
315	-0.800110	118.354544	0.428136	0.040440	0.8
316	-0.792139	117.886357	0.429580	0.038383	0.9
317	-0.787479	118.886357	0.426509	0.025162	0.8
318	-0.784997	119.692859	0.424064	0.014286	0.8
319	-0.816509	119.226031	0.425476	0.026107	0.8
320	-0.778193	119.770394	0.423830	0.030407	0.8
321	-0.807858	120.770393	0.420841	0.040245	0.8
322	-0.772455	121.061662	0.419978	0.024606	0.8
323	-0.777435	122.061662	0.417042	0.029542	0.8
324	-0.791306	122.857578	0.414735	0.025460	0.8
325	-0.804282	122.389373	0.416089	0.031492	0.8
326	-0.785873	123.388291	0.413210	0.051614	0.8
327	-0.772056	122.921929	0.414549	0.037053	0.8
328	-0.795071	123.921929	0.411689	0.031540	0.8
329	-0.795073	123.453719	0.413023	0.029085	0.8
330	-0.782014	124.447142	0.410202	0.034702	0.8
331	-0.768003	123.978945	0.411527	0.030879	0.8
332	-0.792201	124.801678	0.409205	0.038030	0.8
333	-0.785651	125.801678	0.406417	0.035468	0.8
334	-0.772272	126.683038	0.403992	0.035530	0.8
335	-0.790012	126.291640	0.405065	0.026694	0.8
336	-0.764639	127.276440	0.402375	0.035152	0.8
337	-0.763594	128.276437	0.399680	0.021398	0.8
338	-0.795243	127.821353	0.400902	0.031083	0.8
339	-0.761011	128.810546	0.398255	0.024850	0.8
340	-0.778749	129.800078	0.395641	0.032078	0.8
341	-0.775165	130.799812	0.393036	0.040273	0.8
342	-0.770941	130.564432	0.393646	0.035787	0.9
343	-0.784874	131.564432	0.391066	0.031337	0.8
344	-0.754443	131.097178	0.392267	0.029699	0.8
345	-0.798980	130.628968	0.393479	0.028342	0.8
346	-0.783749	130.193557	0.394612	0.046321	0.8
347	-0.807510	131.193555	0.392019	0.033537	0.8
348	-0.787183	130.725345	0.393229	0.037960	0.8
349	-0.782048	130.267465	0.394419	0.037632	0.8
350	-0.804930	129.799255	0.395643	0.042207	0.9
351	-0.793653	130.779094	0.393089	0.033213	0.8
352	-0.777076	131.779093	0.390516	0.038022	0.8
353	-0.794948	132.779093	0.387977	0.037284	0.8
354	-0.781424	132.310890	0.389162	0.027100	0.8
355	-0.837287	133.310890	0.386640	0.038754	0.8
356	-0.778039	134.067699	0.384753	0.031778	0.8
357	-0.759075	133.599490	0.385918	0.017306	0.9
358	-0.764897	133.476374	0.386226	0.025955	0.8
359	-0.804234	133.008180	0.387400	0.035243	0.8
360	-0.805656	134.008180	0.384901	0.021585	0.8
361	-0.799493	135.006307	0.382438	0.024585	0.8
362	-0.774560	136.004408	0.380007	0.032314	0.9
363	-0.791829	135.951085	0.380136	0.038381	0.8
364	-0.791620	135.482876	0.381273	0.037533	0.8
365	-0.816504	136.482851	0.378852	0.051460	0.8
366	-0.786491	136.046962	0.379904	0.031968	0.8
367	-0.785208	135.578752	0.381040	0.026705	0.9
368	-0.782649	136.578752	0.378622	0.026689	0.8
369	-0.802305	137.526887	0.376357	0.022588	0.9
370	-0.775012	138.526782	0.373998	0.044184	0.8
371	-0.753330	138.059013	0.375098	0.060954	0.8
372	-0.775000	139.059013	0.372755	0.033218	0.9
373	-0.789577	140.059005	0.370440	0.030383	0.8
374	-0.761876	139.592315	0.371517	0.046874	0.9
375	-0.780770	139.124699	0.372602	0.031690	0.8
376	-0.746660	140.124699	0.370289	0.023680	0.8
377	-0.792075	139.656516	0.371368	0.020930	0.8
378	-0.753149	140.651131	0.369083	0.034171	0.8
379	-0.802225	141.610868	0.366905	0.036587	0.8
380	-0.758236	142.331728	0.365286	0.038052	0.8
381	-0.781161	141.863518	0.366336	0.029025	0.9
382	-0.773463	141.396430	0.367389	0.040544	0.8
383	-0.765013	142.000583	0.366028	0.035179	0.8
384	-0.766649	141.532424	0.367082	0.034918	0.8
385	-0.801779	142.357213	0.365229	0.030469	0.8
386	-0.814915	143.079937	0.363620	0.031333	0.8
387	-0.784658	142.618981	0.364644	0.018291	0.8
388	-0.725873	142.150775	0.365691	0.034840	0.8
389	-0.807044	142.090616	0.365826	0.042114	0.8
390	-0.796674	143.090616	0.363596	0.025989	0.8
391	-0.774888	142.678884	0.364511	0.040014	0.8
392	-0.765228	143.678884	0.362297	0.040410	0.8
393	-0.800631	143.210735	0.363330	0.021200	0.8
394	-0.790258	144.210057	0.361133	0.040463	0.9
395	-0.769100	143.756213	0.362127	0.054130	0.8
396	-0.782062	144.756213	0.359943	0.037267	0.8
397	-0.774264	145.756213	0.357784	0.029945	0.8
398	-0.755364	146.756123	0.355652	0.045140	0.8
399	-0.742020	147.756123	0.353544	0.029823	0.8
400	-0.820612	147.288898	0.354526	0.030551	0.8
401	-0.804668	148.288896	0.352432	0.032852	0.9
402	-0.794199	148.659421	0.351662	0.060630	0.8
403	-0.754803	149.659421	0.349601	0.025784	0.9
404	-0.760719	150.659418	0.347565	0.027935	0.8
405	-0.758206	150.191208	0.348515	0.029405	0.9
406	-0.784155	149.726428	0.349464	0.030304	0.8
407	-0.789685	150.726110	0.347430	0.028842	0.8
408	-0.776594	151.725944	0.345419	0.050721	0.8
409	-0.783127	151.258007	0.346357	0.041256	0.8
410	-0.783824	152.258007	0.344358	0.036502	0.8
411	-0.788525	153.258007	0.342382	0.033766	0.8
412	-0.762895	152.789797	0.343304	0.019310	0.8
413	-0.791059	153.722273	0.341472	0.022783	0.8
414	-0.799868	153.349018	0.342203	0.035306	0.8
415	-0.787185	153.929910	0.341067	0.024793	0.8
416	-0.772102	154.929658	0.339128	0.025312	0.8
417	-0.796666	155.918855	0.337232	0.044970	0.8
418	-0.792014	156.918855	0.335337	0.039970	0.9
419	-0.793274	157.918855	0.333463	0.029237	0.9
420	-0.720502	157.745691	0.333786	0.021253	0.9
421	-0.776077	158.737820	0.331943	0.024742	0.8
422	-0.760874	159.437067	0.330657	0.031921	0.9
423	-0.809754	158.972781	0.331510	0.018755	0.9
424	-0.785229	158.543351	0.332303	0.029417	0.8
425	-0.769479	158.075761	0.333170	0.040412	0.9
426	-0.774200	158.845016	0.331745	0.023337	0.9
427	-0.781547	159.845014	0.329911	0.038302	0.8
428	-0.769643	159.376827	0.330767	0.030733	0.9
429	-0.796608	158.908617	0.331628	0.024635	0.9
430	-0.761657	158.541240	0.332307	0.041750	0.9
431	-0.792863	159.541235	0.330466	0.041536	0.9
432	-0.778254	160.541232	0.328646	0.023356	0.9
433	-0.747134	161.490949	0.326935	0.034275	0.8
434	-0.806683	161.023955	0.327774	0.026424	0.9
435	-0.786725	162.023889	0.325983	0.048391	0.9
436	-0.768486	162.761679	0.324675	0.025884	0.8
437	-0.771244	163.757031	0.322925	0.035379	0.9
438	-0.775858	163.291269	0.323742	0.024887	0.9
439	-0.783626	162.896021	0.324437	0.031663	0.9
440	-0.785746	162.427815	0.325266	0.041113	0.9
441	-0.778780	163.427813	0.323502	0.020373	0.8
442	-0.784399	164.363523	0.321869	0.032187	0.8
443	-0.774041	164.351107	0.321890	0.037154	0.8
444	-0.800940	165.351107	0.320163	0.037674	0.8
445	-0.785281	166.351099	0.318454	0.050113	0.8
446	-0.740022	165.882892	0.319252	0.031230	0.9
447	-0.806595	166.882892	0.317553	0.035816	0.8
448	-0.767749	167.841449	0.315941	0.029406	0.8
449	-0.780616	167.633205	0.316290	0.017001	0.8
450	-0.769260	168.470746	0.314892	0.031651	0.8
451	-0.778313	168.009182	0.315661	0.046734	0.8
452	-0.787140	167.541016	0.316444	0.026489	0.8
453	-0.783478	168.541016	0.314775	0.034412	0.8
454	-0.766469	169.540998	0.313123	0.040517	0.8
455	-0.793205	169.072788	0.313894	0.022677	0.8
456	-0.812324	170.072611	0.312252	0.031101	0.8
457	-0.770793	170.897619	0.310909	0.022760	0.9
458	-0.770838	171.897509	0.309298	0.028624	0.8
459	-0.768053	172.897069	0.307703	0.025754	1.0
460	-0.764856	172.555492	0.308246	0.027700	0.8
461	-0.774027	173.525342	0.306709	0.040146	0.8
462	-0.804744	174.087557	0.305825	0.026009	0.8
463	-0.773628	173.619537	0.306561	0.029424	0.8
464	-0.792538	173.151327	0.307300	0.043633	0.8
465	-0.769241	172.683128	0.308043	0.033259	0.8
466	-0.773394	173.683128	0.306461	0.040389	0.8
467	-0.764385	174.682261	0.304896	0.020827	0.8
468	-0.762807	174.680145	0.304899	0.031713	0.8
469	-0.786933	175.537427	0.303569	0.023989	0.8
470	-0.787638	175.080308	0.304277	0.034551	0.8
471	-0.801321	174.696351	0.304874	0.034906	0.8
472	-0.781220	175.550181	0.303550	0.047841	0.8
473	-0.792367	175.081971	0.304274	0.048879	0.8
474	-0.798340	176.081971	0.302731	0.033345	0.8
475	-0.804045	175.613761	0.303452	0.028755	0.8
476	-0.780074	176.613199	0.301917	0.038145	0.8
477	-0.781597	176.149214	0.302627	0.035977	0.8
478	-0.794552	177.149214	0.301100	0.050236	0.8
479	-0.780905	178.149213	0.299588	0.064898	0.8
480	-0.794900	179.149213	0.298091	0.033050	0.8
481	-0.765868	178.681006	0.298790	0.019569	0.8
482	-0.794266	179.387824	0.297736	0.034183	0.9
483	-0.771341	180.387567	0.296258	0.021021	0.9
484	-0.788891	181.387499	0.294795	0.027517	0.9
485	-0.802473	181.669357	0.294385	0.037323	0.8
486	-0.775393	182.669357	0.292939	0.035858	0.8
487	-0.768244	183.669357	0.291508	0.033351	0.8
488	-0.759420	184.669357	0.290091	0.021404	0.8
489	-0.765653	185.669355	0.288687	0.034898	0.8
490	-0.799751	186.585060	0.287413	0.030286	0.8
491	-0.762733	187.584935	0.286036	0.024750	0.8
492	-0.775556	187.116733	0.286679	0.034326	0.8
493	-0.748656	186.661876	0.287307	0.035247	0.8
494	-0.769823	187.661199	0.285931	0.031888	0.8
495	-0.777634	187.251177	0.286494	0.026427	0.8
496	-0.786736	188.225440	0.285160	0.039014	0.8
497	-0.785332	187.757230	0.285800	0.020589	0.8
498	-0.805403	188.753368	0.284442	0.034760	0.9
499	-0.799463	188.286000	0.285078	0.027649	0.8
