1:ItNr	2:Metric	3:StepSize	4:||Gradient||	Time[ms]
0	-0.430574	627.201626	0.008447	1197.3
1	-1.455297	623.504937	0.030979	1.6
2	-1.458066	619.865785	0.010933	1.2
3	-0.598938	616.282728	0.007228	1.2
4	-1.112253	612.754375	0.022866	1.1
5	-1.175072	609.279381	0.032457	1.1
6	-0.534296	605.856447	0.026094	1.1
7	-1.218397	602.484317	0.046198	1.2
8	-0.682042	599.161779	0.008701	1.3
9	-0.660751	595.887656	0.028643	1.5
10	-1.327878	592.660813	0.017311	1.3
11	-0.957399	589.480151	0.022260	1.1
12	-1.198177	586.344606	0.037370	1.1
13	-0.850749	583.253145	0.007297	1.1
14	-0.603330	580.204771	0.013677	1.2
15	-0.727946	577.198517	0.034731	1.1
16	-0.616193	574.233444	0.036127	1.1
17	-0.895935	571.308645	0.030607	1.1
18	-0.429858	568.423237	0.029732	1.1
19	-0.778216	565.576365	0.023145	1.1
20	-0.847976	562.767201	0.042802	1.4
21	-0.853686	559.994938	0.060093	1.2
22	-1.103860	557.258797	0.017282	1.2
23	-0.577918	554.558018	0.011188	1.2
24	-0.665153	551.891865	0.007186	1.1
25	-0.293952	549.259621	0.010675	1.1
26	-0.474430	546.660592	0.012126	1.1
27	-0.345502	544.094102	0.011407	1.1
28	-0.549582	541.559494	0.014354	1.3
29	-1.225464	539.056129	0.018267	1.1
30	-0.331397	536.583387	0.005731	1.1
31	-0.846657	534.140663	0.013931	1.1
32	-0.503698	531.727370	0.030803	1.1
33	-1.116980	529.342935	0.043042	1.1
34	-1.236183	526.986802	0.027582	1.1
35	-0.428693	524.658430	0.024450	2.6
36	-1.000995	522.357290	0.019313	1.2
37	-0.387891	520.082868	0.012542	1.1
38	-0.544137	517.834665	0.012981	1.1
39	-1.455177	515.612193	0.028891	1.1
40	-0.330809	513.414976	0.019559	1.1
41	-0.577293	511.242551	0.015287	1.2
42	-1.344177	509.094468	0.015603	1.1
43	-1.362439	506.970285	0.024514	1.2
44	-0.462847	504.869574	0.004323	1.1
45	-1.038262	502.791916	0.048194	1.1
46	-1.286992	500.736903	0.021705	1.1
47	-0.551358	498.704137	0.009084	1.1
48	-0.717969	496.693228	0.020018	1.5
49	-0.287908	494.703798	0.011539	1.7
50	-0.485457	492.735476	0.015084	1.1
51	-0.744887	490.787900	0.012335	1.2
52	-0.496703	488.860718	0.024932	1.1
53	-1.099916	486.953585	0.018147	1.1
54	-0.781368	485.066164	0.012214	1.1
55	-1.108170	483.198126	0.050366	1.3
56	-0.598018	481.349149	0.016471	1.1
57	-1.400097	479.518920	0.012281	1.1
58	-1.075417	477.707132	0.035331	1.1
59	-0.919919	475.913485	0.020635	1.1
60	-1.014504	474.137684	0.015507	1.1
61	-0.949112	472.379445	0.040265	1.1
62	-0.500549	470.638485	0.026390	1.3
63	-0.280084	468.914531	0.007798	1.2
64	-0.601350	467.207315	0.025436	1.1
65	-0.603803	465.516573	0.019578	1.1
66	-1.087547	463.842050	0.029476	1.1
67	-1.138061	462.183494	0.021139	1.1
68	-0.749470	460.540658	0.026249	1.1
69	-1.280638	458.913303	0.019723	1.2
70	-0.639119	457.301192	0.022701	1.1
71	-1.223470	455.704096	0.008924	1.1
72	-0.899344	454.121787	0.045892	1.1
73	-0.614285	452.554045	0.016587	1.1
74	-0.975647	451.000653	0.024553	1.1
75	-0.414184	449.461399	0.006531	2.8
76	-1.431586	447.936075	0.041254	1.3
77	-0.421899	446.424477	0.012832	1.4
78	-0.807616	444.926406	0.012996	1.2
79	-1.395766	443.441666	0.066407	1.1
80	-0.523826	441.970065	0.018152	1.2
81	-0.864686	440.511415	0.026624	1.3
82	-0.805604	439.065533	0.036574	1.2
83	-0.909945	437.632238	0.049046	1.1
84	-0.316374	436.211351	0.019756	1.1
85	-0.795620	434.802701	0.020407	1.1
86	-0.403846	433.406117	0.014489	1.1
87	-0.815119	432.021430	0.032688	1.1
88	-0.393342	430.648479	0.026603	3.0
89	-0.713602	429.287101	0.022255	1.2
90	-0.681627	427.937140	0.026503	1.2
91	-0.702828	426.598440	0.022702	1.1
92	-0.877756	425.270849	0.020201	1.1
93	-0.657342	423.954220	0.048458	1.1
94	-0.625844	422.648404	0.045390	1.1
95	-1.173573	421.353259	0.017341	1.1
96	-1.302860	420.068643	0.013516	1.1
97	-0.738735	418.794419	0.015671	1.1
98	-0.392043	417.530451	0.016694	1.1
99	-0.608202	416.276604	0.032200	1.1
100	-0.809103	415.032748	0.017320	1.1
101	-1.545053	413.798754	0.023200	1.1
102	-1.369229	412.574495	0.025804	1.6
103	-1.343836	411.359849	0.013808	1.2
104	-0.747241	410.154691	0.011967	1.1
105	-0.672384	408.958904	0.020374	1.1
106	-1.197201	407.772368	0.015447	1.2
107	-1.427331	406.594968	0.035358	1.1
108	-1.168585	405.426590	0.018149	1.2
109	-1.138215	404.267122	0.032614	1.2
110	-1.225685	403.116456	0.023232	1.1
111	-1.483596	401.974481	0.017416	1.1
112	-0.796516	400.841093	0.016567	1.1
113	-1.294194	399.716187	0.046941	1.1
114	-0.563604	398.599660	0.013783	1.1
115	-0.343401	397.491411	0.005862	1.3
116	-0.577153	396.391342	0.018324	1.3
117	-0.699163	395.299353	0.033546	1.2
118	-0.447161	394.215350	0.010866	1.2
119	-0.671881	393.139238	0.018112	1.1
120	-0.996806	392.070924	0.019595	1.1
121	-1.247080	391.010316	0.025865	1.1
122	-0.587408	389.957325	0.029404	1.1
123	-1.079315	388.911862	0.014861	1.4
124	-1.178551	387.873839	0.035586	1.2
125	-0.307346	386.843173	0.004703	1.1
126	-1.085427	385.819777	0.009397	1.1
127	-0.735095	384.803569	0.021378	1.1
128	-1.014335	383.794468	0.013502	1.1
129	-1.019486	382.792393	0.041978	2.1
130	-0.328520	381.797264	0.021782	1.2
131	-1.122242	380.809005	0.015175	1.2
132	-0.423819	379.827537	0.004663	1.3
133	-1.072129	378.852786	0.007997	1.1
134	-1.583530	377.884678	0.076336	1.1
135	-1.264143	376.923138	0.009212	1.1
136	-0.360991	375.968095	0.011213	1.2
137	-1.044401	375.019479	0.021609	1.1
138	-1.462592	374.077218	0.011043	1.2
139	-0.835359	373.141244	0.006877	1.1
140	-0.632890	372.211489	0.007591	1.1
141	-1.407210	371.287887	0.018516	1.1
142	-0.332687	370.370370	0.025290	1.4
143	-0.379102	369.458876	0.010596	1.2
144	-0.317333	368.553338	0.013702	1.2
145	-1.013510	367.653696	0.025704	1.2
146	-0.234241	366.759885	0.009196	1.2
147	-0.866619	365.871846	0.032053	1.2
148	-1.117360	364.989518	0.011612	1.2
149	-1.214852	364.112841	0.012035	1.2
150	-1.578182	363.241757	0.015221	1.7
151	-1.271058	362.376208	0.054071	1.3
152	-1.123352	361.516137	0.011798	1.2
153	-0.864605	360.661488	0.022590	1.2
154	-0.846870	359.812206	0.027470	1.1
155	-0.726299	358.968236	0.009675	1.2
156	-0.935688	358.129524	0.034160	4.9
157	-0.546818	357.296018	0.022773	1.3
158	-0.719229	356.467665	0.020210	1.2
159	-1.374031	355.644414	0.013297	1.3
160	-1.079277	354.826213	0.010971	1.3
161	-1.359040	354.013012	0.027625	1.2
162	-0.846049	353.204763	0.039156	1.2
163	-0.031100	352.401415	0.001806	1.2
164	-0.774599	351.602922	0.044005	1.2
165	-0.800399	350.809235	0.008544	1.1
166	-0.676975	350.020308	0.005751	1.2
167	-0.520646	349.236095	0.010995	1.3
168	-0.738663	348.456550	0.014328	1.2
169	-1.320302	347.681627	0.026059	1.2
170	-0.334383	346.911283	0.016934	1.2
171	-0.931239	346.145474	0.039828	1.2
172	-1.468814	345.384157	0.017882	1.2
173	-0.356415	344.627288	0.019774	1.8
174	-0.764142	343.874826	0.027766	1.1
175	-1.313264	343.126729	0.022524	1.1
176	-1.179935	342.382957	0.017399	1.2
177	-1.213357	341.643469	0.019979	1.1
178	-1.501045	340.908224	0.012721	1.2
179	-0.325425	340.177184	0.032960	1.2
180	-0.524448	339.450309	0.018697	1.2
181	-1.404899	338.727561	0.031814	1.2
182	-0.782489	338.008902	0.013138	1.2
183	-1.270545	337.294295	0.008339	1.1
184	-1.221081	336.583703	0.020330	1.2
185	-0.972459	335.877089	0.011272	1.3
186	-1.112894	335.174416	0.008324	1.1
187	-0.428136	334.475651	0.008632	1.2
188	-1.433995	333.780756	0.014831	1.1
189	-1.235867	333.089698	0.008687	1.2
190	-0.796700	332.402443	0.014776	1.2
191	-0.408648	331.718955	0.003656	1.1
192	-1.370394	331.039203	0.123120	1.1
193	-0.663341	330.363153	0.026647	1.2
194	-1.560158	329.690771	0.036694	1.2
195	-0.237562	329.022027	0.014015	1.1
196	-0.942638	328.356888	0.018619	1.2
197	-0.571055	327.695322	0.020347	1.2
198	-1.450913	327.037299	0.031641	1.1
199	-0.272924	326.382787	0.017477	1.1
200	-1.141925	325.731758	0.067435	1.2
201	-0.937157	325.084179	0.018781	1.2
202	-0.658645	324.440023	0.054711	1.2
203	-1.097483	323.799258	0.014124	1.3
204	-0.721189	323.161858	0.020845	1.2
205	-0.699964	322.527792	0.053117	1.1
206	-0.995865	321.897034	0.013395	1.2
207	-1.079332	321.269554	0.020654	1.1
208	-0.984031	320.645325	0.028775	1.1
209	-0.661995	320.024320	0.011910	1.2
210	-1.041066	319.406512	0.008109	1.2
211	-1.416060	318.791875	0.013267	1.2
212	-1.252455	318.180381	0.020245	1.3
213	-0.658732	317.572005	0.009552	1.2
214	-1.051818	316.966721	0.011760	1.3
215	-1.097945	316.364504	0.013005	1.3
216	-0.671639	315.765329	0.012707	1.1
217	-0.537786	315.169170	0.014577	1.1
218	-0.872944	314.576003	0.020816	1.1
219	-1.181184	313.985804	0.003856	1.1
220	-0.305958	313.398548	0.007590	1.1
221	-1.627928	312.814213	0.007895	1.1
222	-1.100212	312.232773	0.014572	1.1
223	-0.896137	311.654207	0.015048	1.1
224	-1.086148	311.078491	0.020762	1.1
225	-1.394049	310.505602	0.012278	1.1
226	-0.494701	309.935518	0.012216	1.1
227	-1.289554	309.368217	0.010525	1.1
228	-0.351879	308.803676	0.006147	1.1
229	-0.489606	308.241874	0.019318	1.1
230	-0.476829	307.682789	0.006531	1.1
231	-0.856664	307.126400	0.021303	1.1
232	-1.090038	306.572687	0.005042	1.1
233	-0.341458	306.021627	0.013775	1.1
234	-1.137651	305.473201	0.007988	1.1
235	-0.579942	304.927388	0.017132	1.1
236	-0.612515	304.384168	0.029355	1.1
237	-1.227249	303.843521	0.012200	1.1
238	-1.257893	303.305427	0.013356	1.1
239	-0.657477	302.769867	0.027005	1.1
240	-0.495241	302.236821	0.023909	1.1
241	-0.893032	301.706270	0.006107	1.2
242	-0.752155	301.178196	0.009586	1.1
243	-0.766255	300.652580	0.028228	1.1
244	-0.716353	300.129402	0.027527	1.1
245	-0.954735	299.608645	0.017478	1.1
246	-0.780883	299.090291	0.029111	1.1
247	-0.825167	298.574321	0.035655	1.1
248	-0.819139	298.060718	0.033362	1.1
249	-1.366279	297.549465	0.038134	1.1
250	-1.003513	297.040543	0.055275	1.1
251	-0.763317	296.533936	0.010937	1.1
252	-0.798093	296.029626	0.033337	1.1
253	-0.527386	295.527597	0.014032	1.1
254	-1.475598	295.027832	0.027477	1.1
255	-1.139632	294.530315	0.019698	1.1
256	-1.260411	294.035028	0.014611	1.1
257	-0.411539	293.541956	0.020353	1.1
258	-0.522630	293.051083	0.044909	1.2
259	-0.909797	292.562393	0.035282	1.1
260	-1.001511	292.075870	0.024229	1.1
261	-0.942536	291.591498	0.023145	1.1
262	-1.531809	291.109263	0.014661	1.1
263	-1.130488	290.629149	0.041419	1.1
264	-1.465718	290.151140	0.018977	1.1
265	-1.281748	289.675222	0.007470	1.1
266	-0.833635	289.201380	0.048531	1.1
267	-0.919084	288.729600	0.022091	1.1
268	-1.612491	288.259866	0.009052	1.2
269	-0.668476	287.792165	0.008347	1.1
270	-0.640021	287.326481	0.020320	1.2
271	-1.263986	286.862802	0.014206	1.1
272	-0.535143	286.401113	0.011968	1.1
273	-0.787498	285.941400	0.024436	1.2
274	-0.248645	285.483649	0.014317	1.1
275	-0.941573	285.027847	0.008894	1.1
276	-1.463618	284.573981	0.051408	1.1
277	-0.971731	284.122037	0.040543	1.1
278	-0.680488	283.672002	0.028500	1.1
279	-1.421526	283.223863	0.023946	1.1
280	-0.734214	282.777607	0.055106	1.1
281	-0.836034	282.333221	0.015325	1.1
282	-1.059800	281.890692	0.045746	1.1
283	-1.472782	281.450008	0.034051	1.1
284	-1.206647	281.011157	0.018496	1.1
285	-0.998712	280.574125	0.020277	1.1
286	-0.793334	280.138901	0.013889	1.1
287	-1.058258	279.705473	0.024183	1.1
288	-0.456715	279.273829	0.019513	1.1
289	-0.991813	278.843956	0.015862	1.1
290	-1.023166	278.415844	0.032413	1.1
291	-0.715118	277.989479	0.012867	1.1
292	-0.910761	277.564851	0.006263	1.1
293	-1.043284	277.141949	0.021624	1.1
294	-1.274708	276.720761	0.063351	1.1
295	-0.858829	276.301275	0.038991	1.1
296	-0.566988	275.883480	0.023319	1.1
297	-0.975151	275.467366	0.021602	1.1
298	-0.713096	275.052922	0.012068	1.1
299	-0.480002	274.640136	0.015208	1.1
300	-1.266145	274.228998	0.028134	1.1
301	-1.354397	273.819497	0.064752	1.1
302	-0.554242	273.411623	0.010949	1.1
303	-1.397894	273.005365	0.015555	1.1
304	-1.015817	272.600712	0.012394	1.1
305	-0.478479	272.197655	0.008889	1.1
306	-0.919781	271.796184	0.047218	1.1
307	-1.187806	271.396287	0.014492	1.1
308	-0.064091	270.997956	0.002996	1.2
309	-1.500736	270.601180	0.018237	1.1
310	-0.981278	270.205949	0.049738	1.1
311	-1.326840	269.812254	0.081850	1.1
312	-0.579005	269.420085	0.017559	1.1
313	-1.153923	269.029432	0.015191	1.1
314	-1.002166	268.640287	0.010776	1.1
315	-0.760019	268.252638	0.009351	1.1
316	-1.550387	267.866478	0.019889	1.1
317	-0.742336	267.481796	0.012600	1.1
318	-1.546119	267.098584	0.007463	1.1
319	-0.524780	266.716833	0.003969	1.1
320	-0.819093	266.336533	0.006812	1.1
321	-0.195709	265.957676	0.005702	1.9
322	-0.755614	265.580253	0.015812	1.1
323	-1.024508	265.204254	0.006517	1.1
324	-1.008790	264.829672	0.027955	1.2
325	-0.662344	264.456497	0.006415	1.2
326	-0.805639	264.084721	0.019696	1.1
327	-0.933369	263.714335	0.052183	1.6
328	-1.110247	263.345332	0.033763	1.3
329	-1.345263	262.977702	0.011392	1.2
330	-1.037921	262.611438	0.089372	1.1
331	-0.304751	262.246531	0.026332	1.2
332	-0.767832	261.882973	0.018247	1.1
333	-0.408035	261.520756	0.017344	1.1
334	-0.864082	261.159871	0.014031	1.1
335	-0.493695	260.800312	0.005362	1.1
336	-0.723096	260.442070	0.014868	1.1
337	-0.531857	260.085137	0.012982	1.1
338	-0.436494	259.729505	0.007880	1.1
339	-1.358678	259.375167	0.013200	1.2
340	-1.196835	259.022116	0.012256	1.1
341	-0.718828	258.670343	0.013664	1.1
342	-0.242973	258.319841	0.006989	1.1
343	-0.280213	257.970602	0.003199	1.1
344	-1.024197	257.622620	0.025403	1.1
345	-0.728161	257.275887	0.008113	1.1
346	-0.586771	256.930396	0.033845	1.1
347	-1.502543	256.586139	0.023052	1.1
348	-1.219058	256.243109	0.034652	1.1
349	-1.259657	255.901300	0.025141	1.1
350	-1.086345	255.560703	0.052237	1.1
351	-0.455894	255.221313	0.007582	1.1
352	-0.876631	254.883122	0.010095	1.1
353	-0.553871	254.546124	0.011004	1.1
354	-0.715148	254.210311	0.060199	1.1
355	-1.320641	253.875677	0.043460	1.1
356	-0.208852	253.542215	0.003134	1.1
357	-0.706795	253.209918	0.022079	1.1
358	-0.550274	252.878781	0.017838	1.1
359	-0.923193	252.548795	0.030985	1.1
360	-0.641800	252.219956	0.042821	1.1
361	-0.505765	251.892255	0.049420	1.1
362	-1.228681	251.565688	0.007360	1.1
363	-0.449055	251.240247	0.030104	1.1
364	-1.059139	250.915926	0.005205	1.1
365	-0.859428	250.592720	0.014821	1.1
366	-0.782398	250.270621	0.012212	1.1
367	-1.126811	249.949624	0.037415	1.1
368	-0.931231	249.629723	0.021909	1.1
369	-1.226008	249.310911	0.027445	1.1
370	-1.249127	248.993182	0.019907	1.1
371	-0.888477	248.676531	0.004830	1.1
372	-0.962117	248.360952	0.034339	1.1
373	-1.248593	248.046438	0.056844	1.2
374	-0.776986	247.732984	0.009311	1.2
375	-1.413702	247.420584	0.024702	1.1
376	-0.721766	247.109233	0.030750	1.1
377	-1.362692	246.798924	0.010808	1.1
378	-0.495891	246.489652	0.009502	1.1
379	-0.493507	246.181412	0.006656	1.1
380	-0.940844	245.874197	0.009709	1.1
381	-0.529309	245.568002	0.015582	1.1
382	-1.020487	245.262822	0.035744	1.1
383	-0.767371	244.958652	0.022328	1.1
384	-0.961574	244.655485	0.011943	1.1
385	-0.576465	244.353317	0.015448	1.1
386	-1.307995	244.052142	0.022714	1.1
387	-1.216933	243.751955	0.013587	1.1
388	-1.185055	243.452750	0.029340	1.1
389	-1.227506	243.154523	0.037902	1.1
390	-0.724678	242.857268	0.025402	1.1
391	-1.110605	242.560980	0.010161	1.2
392	-1.028046	242.265654	0.032702	1.1
393	-1.073486	241.971285	0.018730	1.1
394	-0.299999	241.677868	0.003391	1.1
395	-1.262369	241.385397	0.020558	1.1
396	-0.846681	241.093869	0.033807	1.1
397	-1.341429	240.803278	0.044280	1.1
398	-1.038538	240.513619	0.011895	1.1
399	-1.270114	240.224887	0.012182	1.1
400	-0.942374	239.937077	0.058935	1.1
401	-1.153693	239.650186	0.011746	1.2
402	-0.414228	239.364207	0.013998	1.1
403	-0.266070	239.079136	0.004878	1.1
404	-1.231331	238.794969	0.023737	1.1
405	-1.535664	238.511701	0.016208	1.1
406	-0.547237	238.229327	0.010709	1.1
407	-1.222630	237.947843	0.038335	1.1
408	-0.712055	237.667244	0.014599	1.1
409	-1.049482	237.387526	0.007775	1.1
410	-0.782333	237.108684	0.021372	1.1
411	-0.977735	236.830714	0.022239	1.1
412	-1.434234	236.553610	0.034319	1.1
413	-0.482480	236.277370	0.008665	1.1
414	-1.395635	236.001989	0.017710	1.2
415	-1.574280	235.727461	0.023536	1.1
416	-0.513482	235.453784	0.006662	1.2
417	-0.783911	235.180952	0.011101	1.1
418	-1.121918	234.908962	0.007693	1.1
419	-0.682308	234.637809	0.010301	1.1
420	-0.628704	234.367488	0.044642	1.1
421	-0.374433	234.097997	0.013297	1.1
422	-1.048909	233.829331	0.018349	1.1
423	-1.231547	233.561485	0.044987	1.8
424	-1.164525	233.294456	0.017473	1.2
425	-0.873330	233.028239	0.018241	1.1
426	-0.774183	232.762831	0.013387	1.1
427	-1.508549	232.498228	0.017525	1.1
428	-0.867750	232.234425	0.016522	1.2
429	-0.940173	231.971419	0.036339	1.2
430	-0.759819	231.709205	0.022646	1.1
431	-1.055919	231.447781	0.011748	1.1
432	-0.937585	231.187141	0.015794	1.1
433	-0.543012	230.927283	0.010347	1.1
434	-1.298977	230.668202	0.007716	1.1
435	-0.951427	230.409895	0.020294	1.1
436	-1.022296	230.152358	0.055798	1.1
437	-1.020732	229.895587	0.009617	1.1
438	-0.325170	229.639578	0.014059	1.1
439	-0.569880	229.384329	0.016401	1.1
440	-0.092828	229.129834	0.002618	1.1
441	-1.379332	228.876091	0.030966	1.1
442	-0.667946	228.623096	0.012233	1.1
443	-1.579917	228.370846	0.043386	1.1
444	-0.933849	228.119336	0.039965	1.1
445	-1.346599	227.868563	0.025603	1.1
446	-0.684782	227.618525	0.008856	1.2
447	-1.180544	227.369216	0.025327	1.1
448	-0.926858	227.120635	0.004881	1.1
449	-0.922872	226.872777	0.033400	1.1
450	-1.006508	226.625638	0.018146	1.1
451	-1.340388	226.379217	0.014003	1.1
452	-0.500325	226.133509	0.015523	1.1
453	-0.963811	225.888510	0.027726	1.1
454	-1.089169	225.644218	0.021258	1.1
455	-1.477394	225.400630	0.047943	1.1
456	-1.411596	225.157741	0.018900	1.1
457	-1.087020	224.915549	0.008756	1.1
458	-1.006675	224.674051	0.017003	1.1
459	-0.830499	224.433242	0.029722	1.1
460	-0.799102	224.193121	0.023618	1.1
461	-1.258463	223.953684	0.029346	1.1
462	-1.241518	223.714927	0.072034	1.1
463	-0.433204	223.476848	0.013591	1.1
464	-0.611570	223.239444	0.038569	1.1
465	-0.754970	223.002710	0.010785	1.1
466	-1.210793	222.766645	0.013905	1.1
467	-0.707689	222.531245	0.034583	1.1
468	-1.135574	222.296508	0.014251	1.1
469	-0.455967	222.062429	0.009422	1.1
470	-1.331020	221.829007	0.017657	1.1
471	-0.619875	221.596238	0.011634	1.1
472	-0.889010	221.364119	0.013745	1.1
473	-0.633025	221.132647	0.015147	1.1
474	-0.465967	220.901820	0.008600	1.2
475	-1.351516	220.671634	0.014112	1.1
476	-0.320599	220.442086	0.006775	1.1
477	-1.119996	220.213174	0.008992	1.1
478	-1.136306	219.984895	0.009267	1.1
479	-0.784956	219.757246	0.007486	1.2
480	-0.366843	219.530224	0.011988	1.1
481	-1.503845	219.303826	0.010793	1.1
482	-1.480948	219.078050	0.070234	1.1
483	-1.412180	218.852893	0.056833	1.1
484	-1.454210	218.628352	0.020748	1.1
485	-0.358547	218.404424	0.007421	1.1
486	-0.941446	218.181106	0.041343	1.1
487	-1.280570	217.958397	0.060571	1.1
488	-0.932445	217.736292	0.014108	1.1
489	-0.413043	217.514790	0.009946	1.1
490	-1.239480	217.293888	0.005220	1.1
491	-0.825775	217.073584	0.054346	1.1
492	-0.853183	216.853873	0.023584	1.1
493	-1.301050	216.634755	0.018544	1.1
494	-0.603368	216.416227	0.029524	1.1
495	-1.117846	216.198285	0.023596	1.3
496	-0.949264	215.980927	0.029075	1.3
497	-1.562477	215.764151	0.011151	1.1
498	-1.220402	215.547955	0.015285	1.2
499	-0.790679	215.332335	0.053071	1.2
500	-0.377797	215.117289	0.019258	1.2
501	-1.410962	214.902815	0.008158	1.2
502	-1.021102	214.688911	0.015745	1.2
503	-0.862132	214.475573	0.027673	1.2
504	-1.662024	214.262800	0.068434	1.2
505	-0.336460	214.050588	0.017864	1.3
506	-0.626869	213.838936	0.027278	1.2
507	-0.876135	213.627842	0.055536	1.1
508	-0.656436	213.417302	0.016015	1.1
509	-1.071836	213.207314	0.017741	1.1
510	-1.406205	212.997877	0.028555	1.1
511	-0.791682	212.788987	0.049977	1.1
512	-1.258305	212.580642	0.007308	1.1
513	-0.432397	212.372841	0.006206	1.1
514	-0.106586	212.165581	0.003933	1.1
515	-0.936463	211.958859	0.030116	1.1
516	-0.516574	211.752673	0.009394	1.1
517	-0.859797	211.547021	0.053883	1.1
518	-1.610571	211.341902	0.020379	1.1
519	-1.590645	211.137311	0.012300	1.1
520	-0.461106	210.933248	0.009769	1.1
521	-0.818143	210.729710	0.013667	1.1
522	-1.125079	210.526695	0.013985	1.1
523	-0.530371	210.324200	0.010740	1.1
524	-1.514416	210.122224	0.006377	1.1
525	-0.329602	209.920765	0.005942	1.1
526	-0.870580	209.719820	0.019904	1.2
527	-1.103767	209.519387	0.007211	1.1
528	-0.952780	209.319463	0.025672	1.1
529	-0.408937	209.120048	0.009438	1.1
530	-1.285057	208.921139	0.016124	1.1
531	-1.463536	208.722733	0.006446	1.1
532	-1.434200	208.524829	0.019254	1.1
533	-1.682997	208.327425	0.008008	1.1
534	-0.296334	208.130518	0.004844	1.1
535	-0.609113	207.934107	0.009685	1.1
536	-0.929952	207.738189	0.014281	1.1
537	-1.226679	207.542762	0.022317	1.1
538	-0.536317	207.347825	0.009425	1.1
539	-1.291338	207.153376	0.014645	1.1
540	-0.724349	206.959412	0.021455	1.1
541	-1.015071	206.765932	0.011956	1.1
542	-1.582983	206.572933	0.029527	1.1
543	-1.258327	206.380414	0.034680	1.1
544	-1.091893	206.188373	0.024227	1.1
545	-1.120856	205.996807	0.008451	1.1
546	-1.382373	205.805716	0.035539	1.2
547	-1.040623	205.615096	0.030199	1.1
548	-1.075018	205.424946	0.017035	1.1
549	-0.463545	205.235265	0.017214	1.1
550	-0.938698	205.046050	0.032754	1.1
551	-1.424862	204.857299	0.031175	1.1
552	-1.241948	204.669011	0.010305	1.1
553	-1.127346	204.481184	0.041616	1.1
554	-0.606722	204.293816	0.015846	1.1
555	-1.115539	204.106905	0.009233	1.1
556	-1.136172	203.920449	0.009057	1.1
557	-0.648283	203.734447	0.032138	1.1
558	-1.392433	203.548896	0.043834	1.1
559	-1.200328	203.363795	0.012043	1.1
560	-0.698318	203.179143	0.021065	1.1
561	-1.370209	202.994937	0.024954	1.1
562	-1.495695	202.811176	0.026091	1.1
563	-0.955381	202.627857	0.009415	1.1
564	-0.386891	202.444980	0.009956	1.1
565	-1.122517	202.262543	0.004965	1.1
566	-1.542672	202.080543	0.012486	1.1
567	-0.527623	201.898979	0.014009	1.1
568	-1.505294	201.717849	0.040750	1.1
569	-1.287889	201.537153	0.021185	1.1
570	-0.432865	201.356887	0.020631	1.1
571	-0.546870	201.177050	0.012635	1.1
572	-0.877069	200.997642	0.010016	1.1
573	-1.508857	200.818659	0.036490	1.1
574	-0.614366	200.640100	0.008006	1.1
575	-0.950307	200.461965	0.011513	1.1
576	-0.948775	200.284250	0.040845	1.2
577	-0.727689	200.106955	0.025532	1.1
578	-0.895015	199.930078	0.009776	1.1
579	-1.092443	199.753617	0.007016	1.1
580	-1.040073	199.577571	0.027216	1.1
581	-1.474401	199.401938	0.024821	1.1
582	-0.585713	199.226717	0.008222	1.1
583	-0.942119	199.051905	0.009673	1.1
584	-0.628347	198.877502	0.019607	1.1
585	-0.820413	198.703506	0.013788	1.1
586	-1.502980	198.529916	0.018276	1.1
587	-0.466474	198.356729	0.015280	1.1
588	-1.193023	198.183944	0.015126	1.1
589	-1.153132	198.011560	0.007659	1.1
590	-1.386515	197.839576	0.035843	1.1
591	-0.728034	197.667989	0.028816	1.2
592	-1.336444	197.496798	0.011054	1.1
593	-1.282183	197.326002	0.027067	1.1
594	-1.343317	197.155600	0.059465	1.1
595	-0.897803	196.985589	0.023318	1.1
596	-1.149399	196.815969	0.033379	1.1
597	-1.101300	196.646738	0.066285	1.1
598	-0.345603	196.477894	0.016772	1.1
599	-1.065690	196.309436	0.007981	1.1
600	-0.670934	196.141363	0.051608	1.1
601	-0.904529	195.973673	0.019615	1.1
602	-0.754502	195.806365	0.026267	1.1
603	-0.845254	195.639437	0.011149	1.2
604	-0.957863	195.472888	0.024601	1.1
605	-0.813884	195.306717	0.015700	1.1
606	-1.422654	195.140922	0.024857	1.1
607	-0.976280	194.975501	0.025699	1.2
608	-0.354080	194.810454	0.002991	1.1
609	-1.117234	194.645779	0.008869	1.1
610	-0.516419	194.481475	0.005724	1.1
611	-0.869847	194.317540	0.011040	1.1
612	-1.181128	194.153973	0.015660	1.1
613	-1.083836	193.990773	0.012089	1.1
614	-0.472606	193.827938	0.005814	1.1
615	-1.064084	193.665467	0.023429	1.1
616	-0.936589	193.503358	0.009294	1.1
617	-1.250218	193.341611	0.036417	1.1
618	-0.494956	193.180224	0.009247	1.1
619	-0.600710	193.019196	0.018761	1.1
620	-0.823696	192.858525	0.005126	1.1
621	-0.721595	192.698210	0.005233	1.1
622	-1.207659	192.538251	0.024405	1.1
623	-0.770784	192.378644	0.012543	1.1
624	-1.129844	192.219391	0.027456	1.1
625	-0.505723	192.060488	0.004715	1.1
626	-0.843938	191.901935	0.007246	1.1
627	-1.052139	191.743730	0.010586	1.1
628	-0.295324	191.585873	0.001389	1.1
629	-1.698155	191.428362	0.024526	1.1
630	-0.637063	191.271196	0.007069	1.1
631	-0.738832	191.114374	0.015058	1.1
632	-0.631606	190.957893	0.007942	1.1
633	-1.692868	190.801755	0.006342	1.6
634	-0.477343	190.645956	0.030346	1.1
635	-0.874133	190.490495	0.015297	1.1
636	-0.458330	190.335373	0.009768	1.1
637	-0.969404	190.180587	0.018652	1.1
638	-1.459114	190.026136	0.020306	1.1
639	-1.145381	189.872019	0.010338	1.1
640	-1.100880	189.718235	0.028285	1.1
641	-1.122313	189.564782	0.048230	1.1
642	-1.039085	189.411661	0.005847	1.1
643	-0.398905	189.258868	0.005941	1.1
644	-1.300853	189.106404	0.016686	1.1
645	-1.131930	188.954267	0.029304	1.1
646	-0.993774	188.802456	0.023777	1.1
647	-0.968074	188.650969	0.012254	1.2
648	-1.503104	188.499807	0.017647	1.1
649	-0.077402	188.348967	0.003024	1.1
650	-1.445203	188.198448	0.012001	1.1
651	-0.463512	188.048250	0.007700	1.1
652	-0.952821	187.898371	0.020905	1.1
653	-1.153969	187.748810	0.037941	1.1
654	-0.801135	187.599566	0.017697	1.1
655	-1.546922	187.450638	0.013238	1.1
656	-0.851078	187.302025	0.024882	1.1
657	-0.386261	187.153725	0.005024	1.1
658	-1.037210	187.005739	0.010184	1.1
659	-0.693350	186.858064	0.021495	1.1
660	-0.990858	186.710699	0.039809	1.1
661	-0.974669	186.563645	0.016576	1.1
662	-1.394268	186.416898	0.008946	1.1
663	-0.825870	186.270459	0.014147	1.2
664	-0.392078	186.124326	0.009270	1.1
665	-0.623775	185.978499	0.009527	1.1
666	-1.308175	185.832976	0.013253	1.1
667	-0.411290	185.687756	0.011348	1.1
668	-0.785845	185.542838	0.035762	1.1
669	-0.981855	185.398222	0.099163	1.1
670	-1.399787	185.253906	0.078292	1.2
671	-0.661841	185.109889	0.029658	1.2
672	-0.926211	184.966170	0.011298	1.2
673	-1.378903	184.822748	0.029884	1.2
674	-0.451345	184.679623	0.008501	1.2
675	-0.781529	184.536792	0.010692	1.2
676	-1.040477	184.394256	0.011461	1.2
677	-0.953441	184.252013	0.050667	1.3
678	-0.789051	184.110062	0.042321	1.2
679	-0.674018	183.968403	0.025225	1.2
680	-1.441970	183.827034	0.014968	1.2
681	-0.568407	183.685954	0.014427	1.2
682	-0.400783	183.545163	0.004538	1.2
683	-1.298761	183.404658	0.045573	1.2
684	-0.742420	183.264441	0.057426	1.1
685	-0.904137	183.124509	0.026964	1.1
686	-1.300436	182.984861	0.006602	1.1
687	-0.961698	182.845497	0.019808	1.1
688	-1.104948	182.706416	0.009401	1.1
689	-0.542470	182.567616	0.006743	1.1
690	-1.149056	182.429098	0.014747	1.1
691	-0.679297	182.290859	0.008570	1.2
692	-0.941482	182.152899	0.024069	1.1
693	-1.460367	182.015217	0.003786	1.1
694	-1.072255	181.877813	0.017579	1.1
695	-1.359914	181.740684	0.018519	1.1
696	-1.058117	181.603832	0.007046	1.1
697	-1.579487	181.467253	0.015931	1.1
698	-1.308024	181.330948	0.011683	1.1
699	-0.758120	181.194916	0.006311	1.1
700	-0.347013	181.059155	0.005742	1.1
701	-1.300336	180.923666	0.035635	1.1
702	-1.280330	180.788446	0.026318	1.1
703	-0.788928	180.653496	0.039998	1.2
704	-0.434486	180.518814	0.014537	1.1
705	-0.983073	180.384399	0.007772	1.1
706	-1.116019	180.250251	0.005889	1.1
707	-1.222358	180.116369	0.011773	1.1
708	-0.968131	179.982752	0.015424	1.1
709	-1.476987	179.849398	0.019475	1.3
710	-0.675921	179.716308	0.025983	1.1
711	-1.449650	179.583480	0.017019	1.1
712	-0.607601	179.450913	0.008186	1.1
713	-1.554097	179.318607	0.022713	1.1
714	-1.095572	179.186561	0.015606	1.2
715	-0.683417	179.054774	0.015987	1.1
716	-1.636071	178.923245	0.024490	1.1
717	-0.993092	178.791973	0.016436	1.1
718	-1.204735	178.660958	0.008336	1.1
719	-1.163256	178.530199	0.005671	1.1
720	-1.220927	178.399694	0.011008	1.2
721	-1.115456	178.269444	0.012000	1.1
722	-1.454396	178.139447	0.006844	1.1
723	-0.742148	178.009702	0.016557	1.1
724	-0.905110	177.880209	0.021328	1.1
725	-1.445774	177.750967	0.026733	1.1
726	-1.257569	177.621975	0.015702	1.1
727	-1.261826	177.493232	0.014559	1.1
728	-0.929430	177.364738	0.015370	1.1
729	-0.899759	177.236492	0.008982	1.1
730	-0.590355	177.108492	0.019254	1.1
731	-1.183905	176.980739	0.034457	1.1
732	-1.127752	176.853231	0.015723	1.1
733	-1.108823	176.725968	0.025648	1.1
734	-1.401046	176.598949	0.021627	1.2
735	-0.960742	176.472173	0.013807	1.1
736	-0.964462	176.345639	0.014330	1.1
737	-1.136196	176.219348	0.023233	1.1
738	-0.646618	176.093296	0.009546	1.1
739	-0.503049	175.967486	0.006915	1.1
740	-0.630465	175.841914	0.005576	1.1
741	-0.328884	175.716581	0.008342	1.1
742	-1.185855	175.591486	0.025941	1.1
743	-0.976215	175.466629	0.040421	1.1
744	-0.865330	175.342008	0.018072	1.1
745	-0.458078	175.217622	0.008152	1.1
746	-0.760324	175.093472	0.021765	1.1
747	-1.501115	174.969556	0.018322	1.1
748	-1.482838	174.845873	0.020493	1.1
749	-1.613158	174.722423	0.012287	1.1
750	-1.423356	174.599206	0.021424	1.2
751	-1.298960	174.476220	0.009753	1.1
752	-0.458676	174.353464	0.015092	1.1
753	-1.286595	174.230939	0.024009	1.3
754	-0.934268	174.108643	0.014031	1.1
755	-1.526930	173.986576	0.027145	1.1
756	-0.558524	173.864737	0.008602	1.1
757	-0.499869	173.743124	0.019811	1.1
758	-0.383586	173.621739	0.002232	1.1
759	-0.438015	173.500579	0.006024	1.1
760	-1.112877	173.379645	0.004631	1.1
761	-0.649640	173.258935	0.012215	1.1
762	-1.446570	173.138449	0.013887	1.1
763	-1.016403	173.018186	0.021812	1.1
764	-0.341291	172.898146	0.004363	1.1
765	-0.403967	172.778327	0.008494	1.1
766	-1.122025	172.658730	0.073840	1.2
767	-1.312481	172.539353	0.014343	1.1
768	-0.010615	172.420196	0.000981	1.1
769	-0.413751	172.301258	0.006302	1.1
770	-1.289894	172.182539	0.017997	1.1
771	-0.962870	172.064037	0.066996	1.1
772	-0.922799	171.945753	0.010105	1.1
773	-0.464333	171.827686	0.005018	1.1
774	-1.433011	171.709834	0.015842	1.1
775	-1.010354	171.592198	0.038232	1.1
776	-1.275514	171.474776	0.014045	1.1
777	-1.313627	171.357568	0.005645	1.2
778	-0.918864	171.240574	0.016572	1.1
779	-1.342823	171.123793	0.025383	1.2
780	-0.472350	171.007223	0.011388	1.1
781	-0.903847	170.890865	0.020640	1.1
782	-1.545008	170.774718	0.013454	1.2
783	-1.622954	170.658782	0.012120	1.1
784	-0.014814	170.543055	0.001260	1.1
785	-0.854948	170.427537	0.081549	1.1
786	-1.299766	170.312227	0.020440	1.1
787	-0.991952	170.197125	0.021211	1.1
788	-1.303718	170.082231	0.011141	1.1
789	-0.546363	169.967543	0.008659	1.1
790	-0.315014	169.853061	0.005013	1.1
791	-0.746278	169.738784	0.003109	1.3
792	-0.342637	169.624713	0.026326	1.1
793	-0.982515	169.510845	0.017295	1.2
794	-0.420074	169.397181	0.009451	1.1
795	-0.870041	169.283720	0.028045	1.1
796	-0.695494	169.170462	0.017540	1.1
797	-1.000826	169.057405	0.007965	1.1
798	-0.412649	168.944549	0.004531	1.1
799	-0.577005	168.831895	0.015998	1.1
800	-1.575350	168.719440	0.020752	1.2
801	-0.796852	168.607185	0.019792	1.1
802	-1.500198	168.495129	0.016217	1.1
803	-0.493344	168.383271	0.007956	1.1
804	-1.004137	168.271611	0.005876	1.1
805	-0.748361	168.160148	0.004874	1.1
806	-0.524654	168.048882	0.008364	1.1
807	-1.495074	167.937812	0.009480	1.1
808	-1.002044	167.826938	0.013030	1.1
809	-0.466343	167.716258	0.004489	1.1
810	-1.568774	167.605773	0.007355	1.1
811	-0.638101	167.495482	0.007668	1.1
812	-0.862842	167.385384	0.003139	1.1
813	-0.176998	167.275479	0.003291	1.1
814	-0.304452	167.165766	0.005957	1.2
815	-1.397984	167.056245	0.029496	1.1
816	-0.701568	166.946915	0.008310	1.1
817	-0.672481	166.837776	0.005865	1.1
818	-1.360926	166.728826	0.008251	1.1
819	-1.607430	166.620067	0.048652	1.1
820	-0.292954	166.511496	0.004261	1.1
821	-1.089619	166.403113	0.056035	1.1
822	-0.977171	166.294919	0.011784	1.1
823	-0.467966	166.186912	0.009488	1.1
824	-0.746496	166.079091	0.004082	1.1
825	-1.136690	165.971458	0.012627	1.1
826	-1.130912	165.864009	0.021590	1.1
827	-1.444159	165.756747	0.006009	1.1
828	-1.559406	165.649669	0.021896	1.1
829	-0.298508	165.542775	0.003720	1.1
830	-1.339470	165.436065	0.022771	1.1
831	-1.070897	165.329538	0.020504	1.1
832	-0.997543	165.223194	0.006748	1.1
833	-1.025131	165.117032	0.006824	1.1
834	-1.463770	165.011052	0.008209	1.1
835	-1.329798	164.905253	0.019749	1.1
836	-1.020632	164.799635	0.006812	1.1
837	-0.405272	164.694197	0.008161	1.1
838	-0.300565	164.588939	0.004727	1.1
839	-1.350396	164.483859	0.041029	1.1
840	-0.981642	164.378959	0.011568	1.1
841	-0.524999	164.274237	0.070095	1.1
842	-0.415302	164.169692	0.005946	1.1
843	-0.455359	164.065325	0.011106	1.1
844	-1.243005	163.961135	0.069760	1.1
845	-1.213106	163.857120	0.020468	1.2
846	-1.252070	163.753282	0.021675	1.2
847	-1.092400	163.649619	0.007793	1.2
848	-0.998963	163.546130	0.006684	1.2
849	-0.292775	163.442816	0.003069	1.2
850	-0.161023	163.339676	0.004239	1.2
851	-0.450532	163.236709	0.005011	1.5
852	-0.729411	163.133915	0.007624	1.2
853	-0.045359	163.031294	0.001656	1.5
854	-0.872828	162.928844	0.025141	1.2
855	-1.133636	162.826566	0.024606	1.3
856	-1.137435	162.724459	0.005366	1.2
857	-0.998612	162.622523	0.023225	1.1
858	-1.116432	162.520757	0.029054	1.1
859	-1.305544	162.419160	0.012764	1.1
860	-0.743951	162.317733	0.029306	1.1
861	-0.444614	162.216474	0.017871	1.1
862	-1.196675	162.115383	0.010727	1.1
863	-0.436150	162.014461	0.004311	1.1
864	-0.711460	161.913705	0.012662	1.2
865	-1.245973	161.813117	0.023527	1.2
866	-0.468756	161.712695	0.004078	1.1
867	-1.478823	161.612439	0.018334	1.1
868	-0.341521	161.512349	0.007549	1.1
869	-0.983703	161.412424	0.009102	1.1
870	-1.498246	161.312663	0.045970	1.1
871	-0.922574	161.213067	0.022169	1.1
872	-1.225995	161.113635	0.008497	1.1
873	-0.531058	161.014366	0.002791	1.1
874	-1.000591	160.915260	0.065739	1.1
875	-1.043577	160.816316	0.051881	1.1
876	-0.843333	160.717535	0.026728	1.1
877	-1.281310	160.618915	0.033636	1.1
878	-0.549342	160.520456	0.007309	1.1
879	-0.436013	160.422158	0.008253	1.1
880	-1.323235	160.324021	0.023811	1.1
881	-1.265606	160.226043	0.063058	1.1
882	-0.832530	160.128225	0.014974	1.1
883	-0.721930	160.030566	0.012682	1.1
884	-1.004975	159.933066	0.063814	1.1
885	-0.782045	159.835723	0.031958	1.1
886	-1.313083	159.738539	0.052478	1.1
887	-0.769163	159.641512	0.009050	1.1
888	-0.050056	159.544642	0.002656	1.1
889	-0.692734	159.447929	0.038751	1.1
890	-1.478781	159.351372	0.010689	1.1
891	-1.216891	159.254971	0.029188	1.1
892	-0.697853	159.158725	0.011512	1.1
893	-1.139656	159.062634	0.035691	1.1
894	-1.075852	158.966697	0.010545	1.1
895	-1.001402	158.870915	0.028214	1.1
896	-0.698776	158.775286	0.028818	1.1
897	-0.673542	158.679811	0.057206	1.1
898	-1.346312	158.584489	0.012845	1.1
899	-0.534584	158.489319	0.038752	1.1
900	-1.527950	158.394302	0.021233	1.1
901	-0.891474	158.299436	0.012418	1.1
902	-1.368180	158.204721	0.007594	1.1
903	-1.455645	158.110158	0.078423	1.1
904	-0.201740	158.015745	0.003947	1.2
905	-0.882294	157.921482	0.006973	1.1
906	-0.865131	157.827369	0.011661	1.1
907	-0.936436	157.733406	0.015189	1.1
908	-1.093111	157.639591	0.011029	1.1
909	-0.898125	157.545925	0.018628	1.2
910	-1.315760	157.452408	0.011482	1.1
911	-0.576164	157.359038	0.033385	1.1
912	-1.425897	157.265816	0.034012	1.1
913	-0.297992	157.172741	0.013545	1.1
914	-0.970776	157.079813	0.008330	1.1
915	-1.370675	156.987031	0.016895	1.1
916	-1.011479	156.894395	0.031153	1.1
917	-1.155347	156.801904	0.007121	1.1
918	-1.125422	156.709559	0.050959	1.1
919	-0.686894	156.617359	0.022551	1.1
920	-1.360779	156.525304	0.062303	1.1
921	-1.031438	156.433392	0.033756	1.1
922	-0.559940	156.341624	0.013381	1.1
923	-0.314598	156.250000	0.002363	1.1
924	-1.396333	156.158519	0.014828	1.1
925	-1.033200	156.067180	0.011106	1.1
926	-1.045636	155.975984	0.019129	1.1
927	-1.493403	155.884930	0.013912	1.1
928	-0.853146	155.794017	0.010943	1.1
929	-0.873068	155.703246	0.011416	1.1
930	-1.132968	155.612615	0.006043	1.1
931	-1.371723	155.522125	0.016241	1.1
932	-1.041365	155.431775	0.006817	1.1
933	-0.718078	155.341565	0.009148	1.1
934	-0.697431	155.251495	0.010649	1.1
935	-0.389370	155.161563	0.014338	1.1
936	-1.036899	155.071771	0.008655	1.2
937	-0.495120	154.982117	0.006031	1.2
938	-0.824597	154.892601	0.004226	1.2
939	-0.463644	154.803222	0.008986	1.1
940	-1.113089	154.713981	0.015750	1.1
941	-1.085777	154.624878	0.007817	1.1
942	-1.491129	154.535910	0.025489	1.1
943	-1.019528	154.447080	0.010597	1.1
944	-0.834600	154.358385	0.007614	1.1
945	-0.476869	154.269826	0.003849	1.1
946	-0.718338	154.181402	0.015725	1.1
947	-0.544469	154.093114	0.002715	1.1
948	-1.375202	154.004960	0.024581	1.1
949	-1.119303	153.916940	0.008305	1.1
950	-0.896960	153.829054	0.025956	1.1
951	-1.323967	153.741303	0.041968	1.1
952	-0.467055	153.653684	0.006342	1.1
953	-0.466177	153.566198	0.002135	1.1
954	-0.782008	153.478846	0.014532	1.1
955	-0.834319	153.391625	0.030989	1.1
956	-0.989915	153.304537	0.006526	1.1
957	-1.295546	153.217580	0.013575	1.1
958	-1.643301	153.130755	0.018334	1.2
959	-1.492317	153.044061	0.028033	1.1
960	-0.986491	152.957498	0.021589	1.1
961	-1.344452	152.871065	0.007046	1.1
962	-0.926618	152.784762	0.020948	1.1
963	-1.012747	152.698589	0.039984	1.1
964	-0.868448	152.612545	0.014979	1.1
965	-0.749016	152.526631	0.009643	1.1
966	-0.745489	152.440845	0.035859	1.1
967	-0.632087	152.355188	0.006996	1.1
968	-0.650260	152.269660	0.010265	1.1
969	-1.292883	152.184259	0.061428	1.1
970	-0.945975	152.098986	0.038539	1.2
971	-0.914049	152.013840	0.078055	1.1
972	-1.120189	151.928821	0.016550	1.1
973	-0.510468	151.843928	0.005666	1.1
974	-1.139046	151.759163	0.016483	1.1
975	-1.343635	151.674523	0.006662	1.1
976	-1.411479	151.590009	0.011949	1.1
977	-1.118551	151.505620	0.034300	1.1
978	-1.235221	151.421357	0.023452	1.1
979	-1.318365	151.337218	0.014170	1.1
980	-0.242529	151.253204	0.005101	1.1
981	-0.375739	151.169314	0.007594	1.1
982	-0.979982	151.085549	0.016630	1.2
983	-0.749590	151.001907	0.004796	1.1
984	-1.459346	150.918388	0.020436	1.1
985	-1.228456	150.834992	0.008341	1.1
986	-0.503327	150.751719	0.011692	1.1
987	-0.599718	150.668569	0.009029	1.1
988	-1.624390	150.585541	0.017542	1.1
989	-0.817353	150.502634	0.016734	1.1
990	-0.782480	150.419849	0.052126	1.1
991	-1.039046	150.337186	0.012782	1.1
992	-1.516992	150.254644	0.027377	1.1
993	-0.915721	150.172222	0.009495	1.1
994	-0.258047	150.089921	0.004666	1.1
995	-0.469787	150.007740	0.009254	1.1
996	-0.442320	149.925679	0.001944	1.1
997	-1.185161	149.843737	0.006931	1.1
998	-1.547957	149.761915	0.014479	1.1
999	-0.743860	149.680212	0.001796	1.1
1000	-0.947955	149.598627	0.010538	1.2
1001	-0.845179	149.517161	0.023039	1.1
1002	-0.937308	149.435814	0.015414	1.1
1003	-1.182490	149.354584	0.078341	1.1
1004	-1.236356	149.273472	0.035511	1.1
1005	-0.864876	149.192477	0.034903	1.1
1006	-1.002968	149.111599	0.086029	1.1
1007	-0.707491	149.030838	0.021828	1.1
1008	-0.841483	148.950194	0.005899	1.3
1009	-0.573720	148.869666	0.027180	1.2
1010	-1.463344	148.789253	0.039768	1.1
1011	-1.202116	148.708957	0.010111	1.1
1012	-0.743489	148.628776	0.028979	1.1
1013	-0.624251	148.548710	0.073860	1.1
1014	-1.106255	148.468759	0.018731	1.1
1015	-1.331881	148.388923	0.012190	1.1
1016	-1.164096	148.309201	0.038590	1.1
1017	-1.270538	148.229594	0.013732	1.1
1018	-1.071632	148.150100	0.015630	1.1
1019	-1.051580	148.070719	0.043910	1.2
1020	-1.339407	147.991452	0.054150	1.2
1021	-0.506468	147.912298	0.005076	1.2
1022	-0.528507	147.833257	0.004049	1.2
1023	-0.532009	147.754329	0.006793	1.2
1024	-0.461587	147.675512	0.006580	1.2
1025	-1.406665	147.596808	0.018239	1.3
1026	-1.182944	147.518216	0.007422	1.2
1027	-0.385046	147.439735	0.002286	1.2
1028	-0.505014	147.361365	0.005057	1.2
1029	-1.284958	147.283106	0.010554	1.3
1030	-1.410459	147.204958	0.054976	1.5
1031	-0.720031	147.126920	0.010648	1.3
1032	-1.292822	147.048993	0.048048	1.1
1033	-0.720890	146.971175	0.007222	1.1
1034	-1.665005	146.893468	0.009455	1.2
1035	-0.502806	146.815869	0.015412	1.2
1036	-1.466435	146.738380	0.012914	1.1
1037	-1.428350	146.661000	0.011153	1.1
1038	-1.231747	146.583729	0.009530	1.3
1039	-0.586845	146.506566	0.009377	1.1
1040	-0.688762	146.429511	0.018864	1.1
1041	-1.346822	146.352565	0.035714	1.1
1042	-1.057175	146.275726	0.024431	1.1
1043	-1.102171	146.198994	0.021731	1.1
1044	-1.055862	146.122370	0.009372	1.1
1045	-0.664295	146.045853	0.023751	1.1
1046	-0.501537	145.969442	0.008263	1.1
1047	-0.996592	145.893139	0.031096	1.1
1048	-1.156897	145.816941	0.031830	1.1
1049	-1.249500	145.740849	0.010315	1.1
1050	-1.392277	145.664863	0.034249	1.1
1051	-1.339198	145.588983	0.025569	1.1
1052	-0.402051	145.513208	0.011065	1.1
1053	-1.527961	145.437538	0.022608	1.1
1054	-1.016299	145.361973	0.013745	1.1
1055	-1.034778	145.286513	0.008083	1.1
1056	-0.922780	145.211157	0.005690	1.1
1057	-0.997525	145.135905	0.007971	1.1
1058	-1.139173	145.060757	0.004994	1.1
1059	-1.543362	144.985712	0.075056	1.1
1060	-0.940443	144.910771	0.074359	1.1
1061	-0.928809	144.835934	0.036324	1.1
1062	-0.511182	144.761199	0.004698	1.1
1063	-1.484614	144.686567	0.025421	1.1
1064	-0.289001	144.612037	0.004893	1.1
1065	-0.431765	144.537610	0.010523	1.1
1066	-0.758571	144.463285	0.013713	1.1
1067	-1.537978	144.389062	0.034608	1.1
1068	-0.662722	144.314940	0.009236	1.1
1069	-0.542881	144.240920	0.029561	1.1
1070	-1.356142	144.167001	0.010522	1.1
1071	-1.352128	144.093182	0.011633	1.1
1072	-0.716796	144.019465	0.015937	1.1
1073	-0.915407	143.945848	0.024327	1.1
1074	-0.765122	143.872331	0.033004	1.1
1075	-1.343982	143.798914	0.052986	1.1
1076	-1.035871	143.725597	0.003079	1.1
1077	-0.321565	143.652380	0.011022	1.1
1078	-1.544354	143.579262	0.042150	1.1
1079	-0.814754	143.506243	0.010452	1.1
1080	-0.583665	143.433323	0.005529	1.1
1081	-0.873026	143.360502	0.019734	1.1
1082	-1.355563	143.287780	0.016738	1.1
1083	-0.407918	143.215155	0.002218	1.1
1084	-1.151381	143.142629	0.050103	1.1
1085	-0.607385	143.070201	0.024130	1.1
1086	-0.964589	142.997870	0.009351	1.1
1087	-1.135596	142.925637	0.007805	1.1
1088	-0.988840	142.853501	0.018692	1.1
1089	-1.098714	142.781462	0.018762	1.1
1090	-0.552336	142.709519	0.003647	1.1
1091	-0.827696	142.637674	0.006021	1.1
1092	-0.989086	142.565924	0.034145	1.1
1093	-1.089642	142.494271	0.010638	1.1
1094	-1.094917	142.422714	0.013617	1.1
1095	-1.589402	142.351252	0.013256	1.1
1096	-1.044021	142.279886	0.010345	1.1
1097	-1.410014	142.208616	0.020611	1.1
1098	-0.761711	142.137440	0.023831	1.1
1099	-1.560246	142.066360	0.018168	1.1
1100	-1.415177	141.995374	0.033330	1.2
1101	-0.624073	141.924483	0.003601	1.1
1102	-1.542543	141.853685	0.012310	1.1
1103	-1.163599	141.782983	0.018445	1.1
1104	-0.520542	141.712373	0.011956	1.1
1105	-0.910211	141.641858	0.022168	1.1
1106	-0.886434	141.571436	0.018278	1.1
1107	-0.722171	141.501108	0.011816	1.1
1108	-1.147755	141.430872	0.018759	1.1
1109	-0.945450	141.360730	0.008350	1.1
1110	-0.544418	141.290680	0.005668	1.2
1111	-0.719754	141.220722	0.006736	1.1
1112	-1.014891	141.150857	0.013764	1.2
1113	-1.345840	141.081084	0.022090	1.1
1114	-0.385013	141.011403	0.006047	1.1
1115	-0.912679	140.941813	0.032422	1.1
1116	-1.273690	140.872315	0.008539	1.1
1117	-1.288046	140.802909	0.021237	1.1
1118	-1.236675	140.733593	0.080388	1.1
1119	-1.501386	140.664369	0.048415	1.1
1120	-0.976099	140.595235	0.062434	1.1
1121	-0.727567	140.526192	0.013174	1.1
1122	-1.097191	140.457239	0.033788	1.1
1123	-0.575294	140.388376	0.002244	1.1
1124	-1.320506	140.319603	0.058655	1.1
1125	-1.330401	140.250920	0.096620	1.1
1126	-1.084304	140.182326	0.027022	1.1
1127	-0.787593	140.113822	0.019743	1.1
1128	-0.667500	140.045407	0.038704	1.1
1129	-0.490972	139.977081	0.009892	1.1
1130	-0.818322	139.908844	0.010972	1.1
1131	-0.809603	139.840696	0.015251	1.1
1132	-1.462317	139.772635	0.013257	1.1
1133	-1.285479	139.704664	0.042327	1.1
1134	-1.372676	139.636780	0.055846	1.1
1135	-1.285064	139.568984	0.010174	1.1
1136	-0.867664	139.501276	0.013961	1.1
1137	-1.187487	139.433655	0.009646	1.2
1138	-1.042994	139.366122	0.020067	1.1
1139	-1.058194	139.298676	0.009027	1.2
1140	-1.109058	139.231317	0.010230	1.2
1141	-1.336896	139.164045	0.014115	1.1
1142	-0.730176	139.096859	0.012223	1.1
1143	-0.582853	139.029760	0.013727	1.1
1144	-1.405748	138.962747	0.028257	1.1
1145	-0.416178	138.895820	0.010044	1.1
1146	-0.454997	138.828978	0.005059	1.1
1147	-0.504933	138.762223	0.016330	1.1
1148	-1.119786	138.695553	0.023591	1.1
1149	-0.828967	138.628969	0.019425	1.1
1150	-0.866839	138.562469	0.019170	1.1
1151	-0.617662	138.496055	0.005762	1.1
1152	-0.450740	138.429725	0.008740	1.1
1153	-1.487149	138.363481	0.068191	1.1
1154	-0.625188	138.297320	0.008423	1.1
1155	-1.238668	138.231244	0.023890	1.1
1156	-1.312191	138.165252	0.014281	1.2
1157	-0.738561	138.099344	0.018597	1.1
1158	-0.856590	138.033520	0.020697	1.1
1159	-0.508180	137.967779	0.006601	1.1
1160	-1.101207	137.902122	0.082455	1.1
1161	-0.857188	137.836548	0.026761	1.1
1162	-0.331254	137.771057	0.007509	1.1
1163	-1.303684	137.705649	0.018020	1.1
1164	-1.188030	137.640324	0.011770	1.1
1165	-1.303522	137.575081	0.058672	1.1
1166	-1.066603	137.509921	0.014712	1.1
1167	-1.100044	137.444842	0.017261	1.1
1168	-0.814927	137.379846	0.002920	1.1
1169	-0.726300	137.314932	0.007824	1.1
1170	-1.033957	137.250100	0.008169	1.1
1171	-0.745833	137.185349	0.017329	1.1
1172	-1.085330	137.120680	0.018538	1.1
1173	-1.302545	137.056092	0.068699	1.1
1174	-1.381712	136.991585	0.019683	1.1
1175	-0.951556	136.927158	0.014702	1.1
1176	-0.524572	136.862813	0.001699	1.1
1177	-0.706972	136.798548	0.008255	1.1
1178	-1.100671	136.734363	0.077089	1.1
1179	-0.499144	136.670259	0.058986	1.1
1180	-0.713582	136.606235	0.007737	1.1
1181	-0.961781	136.542291	0.009681	1.1
1182	-0.978421	136.478426	0.013816	1.1
1183	-1.347610	136.414641	0.030757	1.1
1184	-1.379765	136.350936	0.015130	1.1
1185	-1.518197	136.287310	0.037431	1.2
1186	-0.542926	136.223763	0.015226	1.1
1187	-1.228793	136.160295	0.011109	1.1
1188	-1.610723	136.096905	0.018810	1.1
1189	-0.967332	136.033594	0.005146	1.1
1190	-0.493513	135.970362	0.007927	1.1
1191	-1.440073	135.907208	0.010495	1.1
1192	-1.067483	135.844133	0.012615	1.1
1193	-1.503435	135.781135	0.052409	1.1
1194	-0.922161	135.718215	0.023353	2.0
1195	-1.525101	135.655373	0.007887	1.2
1196	-1.118204	135.592608	0.021752	1.2
1197	-0.881366	135.529921	0.031709	1.1
1198	-1.025030	135.467311	0.025039	1.2
1199	-1.020205	135.404778	0.023660	1.3
1200	-0.995615	135.342322	0.013526	1.2
1201	-1.316353	135.279942	0.011600	1.2
1202	-0.727952	135.217640	0.014060	1.2
1203	-0.700241	135.155413	0.012673	1.2
1204	-1.210878	135.093263	0.029183	1.2
1205	-0.468085	135.031190	0.004990	1.1
1206	-0.918785	134.969192	0.021557	1.1
1207	-1.035354	134.907270	0.005367	1.1
1208	-1.459579	134.845424	0.018515	1.1
1209	-0.403092	134.783653	0.005440	1.1
1210	-0.952431	134.721958	0.006898	1.1
1211	-0.861919	134.660338	0.005331	1.1
1212	-1.126542	134.598793	0.004344	1.2
1213	-1.541969	134.537323	0.041622	1.2
1214	-1.649843	134.475927	0.041046	1.1
1215	-0.779920	134.414607	0.094348	1.1
1216	-1.037519	134.353361	0.009020	1.1
1217	-0.889815	134.292189	0.004945	1.1
1218	-0.375557	134.231092	0.015136	1.1
1219	-1.511242	134.170068	0.087434	1.1
1220	-1.388880	134.109119	0.014204	1.1
1221	-0.384418	134.048243	0.015665	1.1
1222	-0.368758	133.987441	0.002633	1.1
1223	-0.989706	133.926713	0.016564	1.1
1224	-1.031767	133.866057	0.035971	1.1
1225	-1.142122	133.805475	0.006469	1.1
1226	-1.188309	133.744966	0.006231	1.2
1227	-1.039133	133.684530	0.008690	1.1
1228	-0.888356	133.624167	0.011791	1.1
1229	-1.475694	133.563877	0.036123	1.1
1230	-0.902940	133.503658	0.011588	1.1
1231	-0.614687	133.443513	0.019646	1.1
1232	-0.164406	133.383439	0.004482	1.1
1233	-0.935505	133.323437	0.020730	1.1
1234	-1.009834	133.263508	0.004840	1.1
1235	-0.838467	133.203650	0.059526	1.1
1236	-1.574433	133.143864	0.027051	1.1
1237	-1.228586	133.084149	0.024970	1.1
1238	-0.683162	133.024506	0.018236	1.1
1239	-1.201995	132.964934	0.011947	1.1
1240	-0.628714	132.905433	0.008786	1.1
1241	-1.027049	132.846003	0.008907	1.1
1242	-1.037192	132.786643	0.011890	1.1
1243	-0.300951	132.727355	0.004595	1.1
1244	-0.675098	132.668137	0.012649	1.1
1245	-1.426161	132.608989	0.011955	1.1
1246	-0.758711	132.549912	0.011070	1.1
1247	-1.240827	132.490904	0.026395	1.1
1248	-1.025951	132.431967	0.011332	1.1
1249	-1.028852	132.373100	0.027165	1.1
1250	-1.479837	132.314302	0.023723	1.1
1251	-1.048701	132.255574	0.014420	1.1
1252	-1.057614	132.196916	0.011478	1.1
1253	-0.847544	132.138326	0.032029	1.1
1254	-1.496580	132.079806	0.010772	1.1
1255	-0.509492	132.021355	0.006724	1.1
1256	-0.657044	131.962973	0.022699	1.1
1257	-0.525901	131.904660	0.009824	1.1
1258	-1.369421	131.846415	0.046840	1.1
1259	-0.782537	131.788239	0.030957	1.1
1260	-1.460164	131.730131	0.006750	1.2
1261	-1.434968	131.672092	0.006758	1.1
1262	-1.345545	131.614121	0.007562	1.1
1263	-1.594421	131.556217	0.005485	1.1
1264	-1.090527	131.498382	0.041929	1.1
1265	-1.489513	131.440614	0.008260	1.1
1266	-1.262355	131.382914	0.006037	1.1
1267	-0.863092	131.325282	0.028877	1.1
1268	-0.709581	131.267717	0.012547	1.1
1269	-0.975475	131.210219	0.015925	1.1
1270	-0.610274	131.152788	0.015346	1.1
1271	-1.311385	131.095424	0.011082	1.1
1272	-1.200109	131.038127	0.024525	1.1
1273	-0.601074	130.980897	0.003857	1.1
1274	-1.442758	130.923733	0.012034	1.1
1275	-0.949797	130.866636	0.006021	1.1
1276	-0.523011	130.809605	0.009468	1.1
1277	-0.385558	130.752641	0.007883	1.1
1278	-0.963407	130.695742	0.008742	1.1
1279	-0.731935	130.638910	0.006623	1.1
1280	-1.563323	130.582143	0.010740	1.1
1281	-1.424922	130.525442	0.014055	1.2
1282	-0.611956	130.468807	0.016114	1.1
1283	-0.316147	130.412237	0.002690	1.1
1284	-1.299769	130.355733	0.016044	1.1
1285	-1.452347	130.299294	0.084807	1.1
1286	-0.762122	130.242920	0.017021	1.2
1287	-0.883036	130.186611	0.029882	1.2
1288	-0.928261	130.130366	0.007209	1.1
1289	-0.747373	130.074187	0.007699	1.1
1290	-1.231735	130.018072	0.029763	1.1
1291	-0.631382	129.962022	0.013331	1.1
1292	-0.539805	129.906036	0.006842	1.9
1293	-0.492539	129.850114	0.023623	1.1
1294	-0.694604	129.794257	0.015309	1.1
1295	-1.123125	129.738463	0.027045	1.1
1296	-0.702631	129.682734	0.008121	1.1
1297	-0.493354	129.627068	0.009142	1.1
1298	-1.477768	129.571466	0.010759	1.1
1299	-0.642740	129.515927	0.009285	1.1
1300	-0.852906	129.460452	0.009093	1.2
1301	-0.422956	129.405040	0.009441	1.1
1302	-1.567444	129.349692	0.046201	1.1
1303	-1.095523	129.294406	0.023293	1.1
1304	-0.842991	129.239183	0.009801	1.1
1305	-0.615300	129.184024	0.024350	1.1
1306	-0.050185	129.128927	0.002757	1.2
1307	-1.348378	129.073892	0.029935	1.1
1308	-0.985755	129.018921	0.034304	1.1
1309	-1.019487	128.964011	0.015280	1.1
1310	-1.001690	128.909164	0.040125	1.1
1311	-0.441770	128.854379	0.013102	1.1
1312	-1.326424	128.799656	0.013758	1.1
1313	-1.469722	128.744995	0.009441	1.1
1314	-1.178022	128.690396	0.042211	1.1
1315	-1.370081	128.635858	0.018940	1.1
1316	-1.597879	128.581382	0.017969	1.1
1317	-1.300072	128.526968	0.013014	1.2
1318	-0.915414	128.472615	0.020641	1.2
1319	-0.564254	128.418323	0.006994	1.1
1320	-1.271738	128.364092	0.017708	1.1
1321	-0.987336	128.309922	0.019324	1.1
1322	-0.953270	128.255814	0.012261	1.1
1323	-1.427847	128.201766	0.012216	1.2
1324	-0.319709	128.147778	0.002150	1.2
1325	-0.763855	128.093852	0.017969	1.2
1326	-0.970069	128.039985	0.013557	1.1
1327	-0.683368	127.986180	0.009710	1.1
1328	-1.402468	127.932434	0.008524	1.1
1329	-0.726043	127.878749	0.009795	1.2
1330	-1.191727	127.825123	0.009668	1.1
1331	-1.157411	127.771558	0.021250	1.1
1332	-1.583828	127.718052	0.012888	1.1
1333	-0.913281	127.664606	0.015349	1.1
1334	-0.730505	127.611220	0.012221	1.1
1335	-1.115323	127.557893	0.010829	1.1
1336	-1.240424	127.504625	0.007730	1.1
1337	-0.396623	127.451417	0.021918	1.1
1338	-0.581082	127.398268	0.013162	1.1
1339	-1.017589	127.345178	0.011885	1.1
1340	-0.778818	127.292147	0.014281	1.1
1341	-1.016258	127.239175	0.021001	1.1
1342	-1.443841	127.186261	0.009325	1.1
1343	-1.158400	127.133407	0.029087	1.1
1344	-0.670992	127.080610	0.034890	1.1
1345	-1.318776	127.027872	0.008829	1.1
1346	-0.476134	126.975193	0.017980	1.1
1347	-0.645706	126.922572	0.011939	1.1
1348	-1.129738	126.870008	0.013266	1.1
1349	-1.468983	126.817503	0.003357	1.1
1350	-1.656257	126.765056	0.016724	1.1
1351	-1.382326	126.712667	0.028625	1.1
1352	-0.484175	126.660335	0.011993	1.2
1353	-1.236191	126.608061	0.006721	1.1
1354	-1.434704	126.555844	0.039772	1.1
1355	-0.509543	126.503685	0.012288	1.2
1356	-0.725464	126.451583	0.013082	1.1
1357	-0.629544	126.399538	0.005676	1.1
1358	-1.206122	126.347550	0.007340	1.2
1359	-1.454960	126.295619	0.082332	1.1
1360	-1.127020	126.243745	0.009161	1.1
1361	-0.005952	126.191928	0.000600	1.1
1362	-0.927453	126.140168	0.009852	1.2
1363	-0.922874	126.088464	0.017207	1.1
1364	-0.295923	126.036817	0.004774	1.1
1365	-0.435853	125.985226	0.007154	1.1
1366	-0.457757	125.933691	0.008431	1.1
1367	-0.389594	125.882212	0.011849	1.2
1368	-0.647736	125.830790	0.005733	1.2
1369	-0.836497	125.779423	0.047899	1.2
1370	-1.353394	125.728113	0.016740	1.1
1371	-0.993365	125.676858	0.008150	1.3
1372	-0.963497	125.625659	0.014701	1.3
1373	-1.669464	125.574515	0.026377	1.3
1374	-0.834955	125.523427	0.011136	1.2
1375	-0.486824	125.472394	0.007489	1.2
1376	-0.925078	125.421417	0.013144	1.2
1377	-1.494380	125.370495	0.016017	1.2
1378	-1.292708	125.319628	0.008027	1.2
1379	-0.943715	125.268815	0.009791	1.4
1380	-1.549249	125.218058	0.013599	1.1
1381	-1.503936	125.167356	0.017290	1.1
1382	-0.973375	125.116708	0.020793	1.1
1383	-1.704875	125.066115	0.023749	1.1
1384	-1.284330	125.015576	0.013523	1.1
1385	-1.146686	124.965092	0.012486	1.1
1386	-0.385510	124.914662	0.005996	1.1
1387	-0.478140	124.864287	0.010844	1.1
1388	-0.484078	124.813965	0.013969	1.1
1389	-1.080179	124.763698	0.008879	1.1
1390	-0.796943	124.713485	0.017874	1.1
1391	-1.615158	124.663325	0.009280	1.1
1392	-0.627095	124.613219	0.018636	1.1
1393	-1.222748	124.563167	0.009067	1.1
1394	-1.109736	124.513168	0.020583	1.1
1395	-0.938403	124.463223	0.007183	1.1
1396	-0.413190	124.413332	0.012498	1.1
1397	-1.400508	124.363493	0.008570	1.1
1398	-0.693914	124.313708	0.005249	1.1
1399	-0.658256	124.263976	0.037012	1.1
1400	-1.264766	124.214297	0.016188	1.1
1401	-0.454423	124.164671	0.011215	1.2
1402	-0.627564	124.115097	0.010474	1.1
1403	-0.814180	124.065577	0.007354	1.1
1404	-1.171766	124.016109	0.011591	1.1
1405	-0.451937	123.966693	0.002763	1.1
1406	-1.487946	123.917330	0.015003	1.1
1407	-0.887048	123.868020	0.014663	1.1
1408	-0.435451	123.818762	0.004341	1.1
1409	-1.008450	123.769556	0.011257	1.1
1410	-1.375305	123.720402	0.056313	1.1
1411	-0.865176	123.671300	0.015514	1.1
1412	-1.348655	123.622250	0.013501	1.1
1413	-0.821511	123.573252	0.030725	1.1
1414	-0.873041	123.524305	0.040669	1.1
1415	-0.623050	123.475411	0.005546	1.1
1416	-1.093733	123.426568	0.038833	1.1
1417	-0.887671	123.377776	0.010270	1.1
1418	-1.373198	123.329036	0.049993	1.1
1419	-0.939179	123.280347	0.011103	1.1
1420	-0.144253	123.231709	0.004198	1.1
1421	-1.108136	123.183122	0.008921	1.2
1422	-0.544984	123.134587	0.006401	1.1
1423	-1.116131	123.086102	0.025158	1.1
1424	-0.544569	123.037669	0.003890	1.1
1425	-1.484740	122.989286	0.014501	1.1
1426	-0.880500	122.940954	0.028557	1.2
1427	-0.897469	122.892672	0.001989	1.1
1428	-0.955780	122.844441	0.076915	1.1
1429	-0.762376	122.796261	0.049121	1.1
1430	-1.309569	122.748130	0.019880	1.1
1431	-0.890056	122.700050	0.020794	1.1
1432	-1.082382	122.652021	0.030865	1.1
1433	-0.788187	122.604041	0.009639	1.1
1434	-0.922768	122.556111	0.023585	1.1
1435	-1.096477	122.508232	0.011097	1.1
1436	-0.596255	122.460402	0.050532	1.1
1437	-1.158559	122.412622	0.015687	1.1
1438	-0.515398	122.364891	0.004680	1.1
1439	-1.393612	122.317210	0.011842	1.1
1440	-0.363051	122.269579	0.002282	1.1
1441	-1.123096	122.221997	0.024620	1.1
1442	-1.549283	122.174465	0.033744	1.1
1443	-0.065805	122.126981	0.002652	1.1
1444	-1.482919	122.079547	0.008803	1.2
1445	-0.934130	122.032162	0.011690	1.1
1446	-0.654105	121.984826	0.018472	1.1
1447	-1.213521	121.937539	0.010868	1.1
1448	-1.348997	121.890301	0.007144	1.1
1449	-0.552715	121.843112	0.002359	1.1
1450	-0.591943	121.795971	0.008333	1.1
1451	-1.014786	121.748879	0.007198	1.1
1452	-1.177550	121.701835	0.013661	1.1
1453	-1.534874	121.654840	0.018113	1.1
1454	-1.394044	121.607893	0.017934	1.1
1455	-0.852628	121.560994	0.004779	1.1
1456	-0.486851	121.514144	0.007099	1.1
1457	-1.288600	121.467342	0.019489	1.2
1458	-0.415253	121.420588	0.001620	1.2
1459	-1.528689	121.373882	0.049601	1.4
1460	-0.494426	121.327223	0.014006	1.1
1461	-1.331723	121.280613	0.019650	1.1
1462	-1.325184	121.234050	0.011110	1.1
1463	-0.789811	121.187535	0.018791	1.1
1464	-1.064105	121.141067	0.011411	1.1
1465	-0.767464	121.094647	0.025729	1.1
1466	-1.148738	121.048274	0.021418	1.1
1467	-1.064177	121.001949	0.007884	1.1
1468	-1.200272	120.955671	0.016735	1.1
1469	-0.376844	120.909440	0.014795	1.1
1470	-0.055041	120.863256	0.002762	1.1
1471	-0.835446	120.817119	0.006456	1.1
1472	-0.450031	120.771029	0.003825	1.2
1473	-1.371855	120.724986	0.009756	1.2
1474	-1.490372	120.678990	0.012778	1.1
1475	-1.404571	120.633040	0.020405	1.2
1476	-0.404739	120.587137	0.005902	1.1
1477	-1.141889	120.541281	0.007317	1.1
1478	-1.600005	120.495471	0.014091	1.1
1479	-0.835167	120.449707	0.015089	1.1
1480	-0.730106	120.403990	0.006803	1.1
1481	-1.513766	120.358319	0.006576	1.1
1482	-1.313121	120.312694	0.015529	1.1
1483	-1.387593	120.267115	0.004986	1.1
1484	-1.214926	120.221582	0.013080	1.1
1485	-0.908147	120.176096	0.002568	1.1
1486	-0.771605	120.130655	0.002467	1.1
1487	-1.364830	120.085260	0.007244	1.1
1488	-1.560858	120.039910	0.011434	1.2
1489	-0.391426	119.994606	0.006091	1.1
1490	-0.315299	119.949348	0.002761	1.2
1491	-0.849795	119.904135	0.011937	1.1
1492	-0.904055	119.858968	0.026010	1.1
1493	-1.679423	119.813846	0.034994	1.2
1494	-1.180607	119.768769	0.008780	1.1
1495	-1.173982	119.723738	0.011413	1.1
1496	-0.746123	119.678752	0.023773	1.1
1497	-1.363964	119.633810	0.007427	1.1
1498	-1.005648	119.588914	0.012141	1.1
1499	-1.126376	119.544062	0.004809	1.1
1500	-1.296709	119.499256	0.054240	1.1
1501	-1.117050	119.454494	0.016151	1.1
1502	-1.577244	119.409777	0.010806	1.1
1503	-0.959188	119.365104	0.028359	1.2
1504	-1.144957	119.320476	0.008032	1.1
1505	-0.505971	119.275893	0.008881	1.1
1506	-0.270646	119.231353	0.003886	1.1
1507	-0.949764	119.186859	0.010614	1.1
1508	-1.485908	119.142408	0.031309	1.1
1509	-0.937286	119.098002	0.019022	1.1
1510	-1.148274	119.053639	0.016928	1.1
1511	-0.444461	119.009321	0.002697	1.1
1512	-1.506312	118.965047	0.006412	1.1
1513	-0.407340	118.920816	0.012491	1.1
1514	-0.964679	118.876630	0.011995	1.1
1515	-1.116219	118.832487	0.018075	1.2
1516	-1.217858	118.788388	0.014202	1.1
1517	-0.739678	118.744332	0.004702	1.1
1518	-1.257345	118.700320	0.011640	1.2
1519	-1.445122	118.656352	0.010081	1.1
1520	-1.356984	118.612427	0.010650	1.1
1521	-1.454044	118.568545	0.008696	1.1
1522	-1.259398	118.524706	0.010108	1.1
1523	-1.092829	118.480911	0.014801	1.1
1524	-0.906791	118.437159	0.018171	1.1
1525	-0.268849	118.393450	0.005116	1.1
1526	-0.881981	118.349784	0.011160	1.1
1527	-0.957557	118.306160	0.014944	1.1
1528	-0.916307	118.262580	0.020828	1.1
1529	-0.327821	118.219042	0.002339	1.2
1530	-1.073329	118.175548	0.011711	1.1
1531	-0.239597	118.132095	0.001162	1.1
1532	-1.169758	118.088686	0.009904	1.1
1533	-0.604152	118.045319	0.016049	1.1
1534	-1.533926	118.001994	0.018611	1.1
1535	-1.187157	117.958712	0.048885	1.1
1536	-0.909393	117.915472	0.007637	1.1
1537	-0.946862	117.872274	0.010135	1.1
1538	-1.072176	117.829118	0.013133	1.1
1539	-1.060391	117.786005	0.013035	1.1
1540	-0.626940	117.742933	0.004358	1.2
1541	-1.539033	117.699904	0.061159	2.0
1542	-0.531305	117.656916	0.005884	1.2
1543	-0.646700	117.613971	0.009985	1.2
1544	-1.572615	117.571067	0.023340	1.2
1545	-0.855748	117.528205	0.021800	1.4
1546	-0.980514	117.485384	0.020087	1.2
1547	-0.327182	117.442605	0.009702	1.2
1548	-1.125636	117.399867	0.046337	1.5
1549	-0.781451	117.357171	0.003935	1.2
1550	-1.192070	117.314517	0.065334	1.2
1551	-1.387687	117.271903	0.025610	1.1
1552	-0.408010	117.229331	0.005299	1.1
1553	-1.120164	117.186800	0.021141	1.1
1554	-0.829546	117.144311	0.003793	1.1
1555	-0.695617	117.101862	0.003545	1.1
1556	-1.605061	117.059454	0.023029	1.1
1557	-1.482034	117.017087	0.059629	1.2
1558	-1.164167	116.974762	0.010650	1.1
1559	-1.081153	116.932476	0.013838	1.3
1560	-0.450452	116.890232	0.005578	1.1
1561	-1.027386	116.848028	0.006922	1.1
1562	-1.584022	116.805865	0.068128	1.1
1563	-1.193284	116.763743	0.006118	1.2
1564	-1.215551	116.721661	0.018564	1.1
1565	-1.216180	116.679619	0.008583	1.1
1566	-0.662541	116.637618	0.005466	1.1
1567	-1.185507	116.595657	0.020246	1.1
1568	-1.143207	116.553736	0.048403	1.1
1569	-1.602856	116.511855	0.052213	1.1
1570	-0.985214	116.470015	0.039104	1.1
1571	-1.382017	116.428214	0.022863	1.1
1572	-0.426964	116.386454	0.033911	1.1
1573	-1.251725	116.344733	0.014320	1.1
1574	-1.691627	116.303052	0.011220	1.1
1575	-1.574930	116.261412	0.024591	1.1
1576	-1.178662	116.219810	0.005016	1.1
1577	-0.685317	116.178249	0.013617	1.1
1578	-1.203108	116.136727	0.016978	1.1
1579	-1.341721	116.095245	0.025198	1.1
1580	-1.570636	116.053802	0.009547	1.1
1581	-1.496024	116.012398	0.088851	1.1
1582	-1.356972	115.971034	0.019779	1.1
1583	-1.565110	115.929710	0.032672	1.1
1584	-1.218832	115.888424	0.028821	1.1
1585	-1.390350	115.847178	0.015136	1.1
1586	-0.669087	115.805970	0.012726	1.1
1587	-0.932964	115.764802	0.012614	1.1
1588	-1.074090	115.723673	0.040137	1.2
1589	-1.494339	115.682583	0.007255	1.1
1590	-0.905080	115.641532	0.019027	1.1
1591	-1.456964	115.600519	0.007770	1.1
1592	-1.382484	115.559546	0.007421	1.1
1593	-1.325634	115.518610	0.030151	1.1
1594	-0.780551	115.477714	0.024211	1.1
1595	-0.292904	115.436856	0.003916	1.1
1596	-0.587749	115.396037	0.006791	1.1
1597	-0.320864	115.355256	0.004628	1.1
1598	-0.855115	115.314514	0.011144	1.1
1599	-0.906496	115.273810	0.007089	1.1
1600	-1.348930	115.233144	0.013343	1.1
1601	-1.223915	115.192517	0.005776	1.1
1602	-1.481921	115.151927	0.014408	1.1
1603	-1.069884	115.111376	0.010424	1.2
1604	-0.797526	115.070863	0.026089	1.1
1605	-0.354010	115.030388	0.006702	1.1
1606	-1.146852	114.989951	0.012998	1.1
1607	-1.396448	114.949551	0.022884	1.1
1608	-0.997045	114.909190	0.007737	1.1
1609	-1.003766	114.868866	0.013159	1.1
1610	-1.114081	114.828580	0.027183	1.1
1611	-1.098158	114.788332	0.014984	1.1
1612	-1.205254	114.748121	0.045058	1.1
1613	-1.525206	114.707948	0.008249	1.1
1614	-0.533854	114.667812	0.010808	1.1
1615	-1.600959	114.627714	0.061468	1.1
1616	-0.817629	114.587653	0.019818	1.1
1617	-0.401374	114.547629	0.007162	1.2
1618	-1.450733	114.507643	0.009694	1.1
1619	-1.121407	114.467693	0.013107	1.1
1620	-1.170701	114.427781	0.023755	1.1
1621	-0.942448	114.387907	0.014496	1.1
1622	-1.141519	114.348069	0.026391	1.1
1623	-1.127090	114.308268	0.007003	1.1
1624	-0.732930	114.268504	0.005589	1.1
1625	-1.430140	114.228777	0.008425	1.1
1626	-0.352463	114.189086	0.011195	1.1
1627	-1.236779	114.149433	0.023116	1.1
1628	-1.242415	114.109816	0.011195	1.1
1629	-1.579605	114.070235	0.024953	1.2
1630	-1.560800	114.030692	0.012262	1.1
1631	-0.957332	113.991185	0.010017	1.1
1632	-1.288384	113.951714	0.028576	1.5
1633	-0.498861	113.912280	0.010928	1.1
1634	-1.069572	113.872882	0.006864	1.1
1635	-1.047575	113.833521	0.009638	1.1
1636	-0.433484	113.794195	0.009377	1.1
1637	-0.784806	113.754906	0.024621	1.1
1638	-0.981836	113.715653	0.007037	1.1
1639	-1.560346	113.676437	0.013582	1.2
1640	-1.633418	113.637256	0.010477	1.1
1641	-1.078816	113.598111	0.015989	1.1
1642	-1.291956	113.559002	0.040059	1.1
1643	-1.168083	113.519929	0.047227	1.1
1644	-0.620387	113.480892	0.005373	1.1
1645	-0.722695	113.441891	0.034427	1.1
1646	-1.529803	113.402925	0.013081	1.2
1647	-1.064967	113.363995	0.007008	1.1
1648	-1.397640	113.325101	0.009027	1.1
1649	-1.701801	113.286242	0.007842	1.1
1650	-1.001704	113.247419	0.007699	1.1
1651	-1.457897	113.208631	0.019220	1.2
1652	-0.374257	113.169879	0.006402	1.1
1653	-1.495571	113.131162	0.013578	1.1
1654	-0.982350	113.092480	0.012582	1.1
1655	-1.453880	113.053833	0.009464	1.1
1656	-1.072923	113.015222	0.004538	1.1
1657	-1.171766	112.976646	0.036534	1.1
1658	-0.353743	112.938105	0.005079	1.1
1659	-0.969860	112.899599	0.028336	1.1
1660	-1.187546	112.861128	0.003789	1.1
1661	-0.848084	112.822692	0.012230	1.2
1662	-1.015245	112.784291	0.012233	1.1
1663	-0.981483	112.745924	0.013150	1.1
1664	-0.741406	112.707593	0.011988	1.1
1665	-0.695839	112.669296	0.013580	1.1
1666	-0.924186	112.631034	0.006214	1.1
1667	-1.081395	112.592806	0.010827	1.1
1668	-0.743489	112.554613	0.009238	1.1
1669	-1.183419	112.516455	0.086983	1.1
1670	-1.245068	112.478331	0.031835	1.1
1671	-1.132794	112.440241	0.019377	1.1
1672	-1.355490	112.402186	0.010428	1.1
1673	-0.885098	112.364165	0.022276	1.1
1674	-1.183738	112.326179	0.015036	1.1
1675	-0.960658	112.288227	0.017901	1.1
1676	-1.100494	112.250309	0.011619	1.2
1677	-1.275931	112.212425	0.012141	1.1
1678	-0.984508	112.174575	0.008921	1.1
1679	-1.132525	112.136759	0.009551	1.1
1680	-1.167051	112.098977	0.041308	1.1
1681	-0.981809	112.061229	0.028478	1.1
1682	-0.696850	112.023515	0.016036	1.1
1683	-1.262927	111.985834	0.014126	1.1
1684	-1.541968	111.948188	0.027092	1.1
1685	-1.543753	111.910575	0.009936	1.1
1686	-1.366034	111.872996	0.006466	1.1
1687	-1.247050	111.835450	0.014041	1.1
1688	-1.575589	111.797939	0.027579	1.1
1689	-0.572545	111.760460	0.021501	1.1
1690	-1.132953	111.723015	0.018947	1.1
1691	-1.011043	111.685604	0.006224	1.1
1692	-0.636345	111.648226	0.007670	1.1
1693	-0.974650	111.610881	0.009499	1.1
1694	-1.580495	111.573570	0.010172	1.1
1695	-0.934053	111.536292	0.010030	1.1
1696	-0.793336	111.499047	0.056296	1.1
1697	-0.982004	111.461835	0.017865	1.1
1698	-1.315288	111.424656	0.013408	1.1
1699	-1.272042	111.387510	0.088240	1.1
1700	-0.849720	111.350398	0.012543	1.1
1701	-0.860635	111.313318	0.027186	1.1
1702	-1.020097	111.276271	0.005915	1.1
1703	-1.395423	111.239257	0.010803	1.1
1704	-0.572891	111.202276	0.012275	1.1
1705	-1.619436	111.165328	0.019485	1.3
1706	-0.960869	111.128412	0.017523	1.1
1707	-0.352947	111.091529	0.018616	1.1
1708	-1.459673	111.054679	0.007567	1.1
1709	-1.288327	111.017861	0.014229	1.1
1710	-0.833067	110.981076	0.014310	1.1
1711	-0.950451	110.944323	0.043354	1.1
1712	-1.269042	110.907603	0.024972	1.1
1713	-1.337648	110.870915	0.026241	1.1
1714	-0.443622	110.834259	0.007437	1.1
1715	-1.558275	110.797636	0.045455	1.2
1716	-0.541049	110.761045	0.005550	1.2
1717	-1.488443	110.724486	0.026316	1.2
1718	-0.884679	110.687959	0.015569	1.2
1719	-0.581065	110.651465	0.017181	1.2
1720	-1.248300	110.615002	0.014902	1.2
1721	-0.870870	110.578572	0.027771	1.2
1722	-0.996684	110.542173	0.022685	1.2
1723	-1.328667	110.505807	0.024818	1.4
1724	-0.641767	110.469472	0.026198	1.4
1725	-1.284610	110.433169	0.017291	1.1
1726	-1.127343	110.396898	0.024435	1.1
1727	-0.512665	110.360659	0.008342	1.1
1728	-1.054535	110.324451	0.021891	1.1
1729	-1.086432	110.288276	0.008181	1.1
1730	-1.006216	110.252131	0.012114	1.1
1731	-0.808376	110.216019	0.007714	1.1
1732	-0.817682	110.179937	0.010930	1.1
1733	-0.941551	110.143888	0.008737	1.2
1734	-1.032907	110.107869	0.007239	1.1
1735	-0.425820	110.071882	0.002227	1.1
1736	-0.917309	110.035927	0.010822	1.1
1737	-0.867340	110.000003	0.027659	1.1
1738	-0.999746	109.964110	0.008851	1.1
1739	-0.669333	109.928248	0.010972	1.1
1740	-0.363154	109.892417	0.008503	1.1
1741	-1.273387	109.856618	0.013623	1.1
1742	-0.343214	109.820850	0.003148	1.1
1743	-0.469200	109.785112	0.007487	1.1
1744	-1.091606	109.749406	0.018658	1.1
1745	-0.331853	109.713730	0.008641	1.1
1746	-0.931002	109.678086	0.013450	1.1
1747	-0.685998	109.642472	0.005066	1.1
1748	-1.627649	109.606890	0.013805	1.1
1749	-0.531276	109.571337	0.014711	1.1
1750	-0.631675	109.535816	0.008192	1.1
1751	-1.327936	109.500326	0.011583	1.1
1752	-0.667383	109.464866	0.004728	1.1
1753	-1.251464	109.429436	0.007711	1.1
1754	-1.176811	109.394038	0.007878	1.1
1755	-1.125723	109.358669	0.007669	1.1
1756	-1.621908	109.323331	0.008248	1.1
1757	-0.647864	109.288024	0.021965	1.1
1758	-1.141413	109.252747	0.041800	1.1
1759	-1.586532	109.217501	0.028907	1.1
1760	-0.424487	109.182284	0.011397	1.1
1761	-1.488982	109.147098	0.022597	1.1
1762	-1.429070	109.111942	0.041418	1.2
1763	-1.364313	109.076817	0.054011	1.1
1764	-0.467113	109.041721	0.009245	1.1
1765	-1.105687	109.006656	0.014596	1.1
1766	-1.129287	108.971620	0.015329	1.1
1767	-0.500408	108.936615	0.008654	1.1
1768	-0.500771	108.901640	0.008904	1.1
1769	-0.294435	108.866694	0.002625	1.1
1770	-0.893948	108.831779	0.019655	1.1
1771	-1.225186	108.796893	0.008790	1.1
1772	-1.512635	108.762037	0.009913	1.1
1773	-1.292671	108.727211	0.063828	1.1
1774	-1.676825	108.692415	0.013815	1.1
1775	-0.911252	108.657648	0.020316	1.1
1776	-1.358941	108.622911	0.040504	1.1
1777	-1.122296	108.588203	0.005783	1.1
1778	-0.583578	108.553525	0.004973	1.1
1779	-1.212472	108.518877	0.003785	1.1
1780	-1.485778	108.484258	0.030408	1.1
1781	-0.632573	108.449668	0.005957	1.1
1782	-1.210214	108.415108	0.012620	1.1
1783	-0.662887	108.380578	0.014396	1.1
1784	-0.534505	108.346076	0.018674	1.1
1785	-1.104025	108.311604	0.003218	1.1
1786	-1.165027	108.277161	0.044627	1.1
1787	-0.473302	108.242747	0.002271	1.1
1788	-1.542128	108.208363	0.012919	1.1
1789	-0.421826	108.174007	0.012358	1.1
1790	-1.055780	108.139681	0.010220	1.1
1791	-0.752585	108.105383	0.011089	1.1
1792	-0.596777	108.071115	0.005558	1.1
1793	-0.847675	108.036875	0.016801	1.1
1794	-1.206144	108.002665	0.021798	1.1
1795	-0.464772	107.968483	0.009229	1.1
1796	-1.100492	107.934330	0.014123	1.1
1797	-0.582111	107.900206	0.017802	1.1
1798	-1.557161	107.866111	0.013209	1.1
1799	-1.441767	107.832044	0.013458	1.1
1800	-1.626233	107.798007	0.011498	1.1
1801	-0.942201	107.763997	0.011319	1.1
1802	-0.483265	107.730017	0.005493	1.1
1803	-1.211866	107.696065	0.006393	1.1
1804	-1.328402	107.662141	0.066623	1.1
1805	-0.560446	107.628246	0.002639	1.1
1806	-0.812970	107.594379	0.022232	1.1
1807	-0.851583	107.560541	0.012051	1.4
1808	-0.368147	107.526731	0.011863	1.1
1809	-1.053722	107.492949	0.035024	1.1
1810	-1.468807	107.459196	0.004756	1.1
1811	-1.268912	107.425471	0.032839	1.1
1812	-1.098877	107.391774	0.011303	1.1
1813	-1.164840	107.358106	0.009761	1.1
1814	-1.285009	107.324465	0.010986	1.1
1815	-1.371134	107.290853	0.008051	1.1
1816	-1.294778	107.257268	0.012132	1.1
1817	-0.407290	107.223712	0.009998	1.1
1818	-1.527149	107.190184	0.007005	1.1
1819	-1.181418	107.156683	0.017210	1.1
1820	-0.941725	107.123211	0.008707	1.1
1821	-0.912862	107.089766	0.016326	1.1
1822	-1.455069	107.056349	0.008171	1.1
1823	-1.537454	107.022960	0.007579	1.1
1824	-0.709636	106.989599	0.022237	1.1
1825	-0.424419	106.956265	0.014748	1.1
1826	-0.592769	106.922960	0.018969	1.1
1827	-1.519014	106.889681	0.064485	1.1
1828	-1.368913	106.856431	0.026868	1.1
1829	-1.659560	106.823208	0.029039	1.1
1830	-0.844282	106.790012	0.023178	1.1
1831	-0.768189	106.756844	0.015244	1.1
1832	-0.554385	106.723703	0.012328	1.1
1833	-0.790267	106.690590	0.008659	1.1
1834	-0.934262	106.657505	0.019270	1.1
1835	-0.907752	106.624446	0.014927	1.1
1836	-1.509421	106.591415	0.009700	1.1
1837	-1.308541	106.558411	0.052366	1.1
1838	-1.075558	106.525435	0.007854	1.2
1839	-0.650458	106.492485	0.009017	1.1
1840	-1.162831	106.459563	0.044533	1.1
1841	-1.426931	106.426668	0.015887	1.1
1842	-0.743814	106.393800	0.013266	1.1
1843	-1.153928	106.360959	0.027167	1.1
1844	-1.161750	106.328145	0.009241	1.2
1845	-0.176733	106.295358	0.005690	1.1
1846	-1.553733	106.262598	0.010738	1.1
1847	-1.420108	106.229865	0.014202	1.1
1848	-0.717570	106.197158	0.007365	1.1
1849	-0.452433	106.164479	0.004914	1.1
1850	-0.864960	106.131826	0.025249	1.1
1851	-0.526648	106.099201	0.005397	1.1
1852	-1.466573	106.066602	0.038207	1.1
1853	-1.656652	106.034029	0.021811	1.1
1854	-1.512364	106.001483	0.018117	1.1
1855	-0.185857	105.968964	0.004228	1.1
1856	-1.150934	105.936472	0.013822	1.1
1857	-0.459073	105.904006	0.012709	1.1
1858	-1.489295	105.871566	0.024036	1.1
1859	-0.639461	105.839153	0.021243	1.1
1860	-1.411617	105.806767	0.013401	1.1
1861	-0.540467	105.774407	0.005602	1.1
1862	-1.561531	105.742073	0.015942	1.1
1863	-1.563738	105.709766	0.022443	1.1
1864	-0.889408	105.677485	0.008902	1.1
1865	-1.456765	105.645230	0.032942	1.1
1866	-0.771427	105.613001	0.014560	1.1
1867	-0.988484	105.580799	0.010114	1.1
1868	-1.267668	105.548623	0.037776	1.1
1869	-0.241653	105.516473	0.004605	1.1
1870	-1.325930	105.484349	0.037211	1.1
1871	-0.579568	105.452251	0.006197	1.1
1872	-1.145502	105.420179	0.021911	1.1
1873	-1.231445	105.388133	0.020393	1.1
1874	-0.449713	105.356113	0.008113	1.1
1875	-0.315860	105.324119	0.010198	1.1
1876	-0.433425	105.292151	0.007331	1.1
1877	-1.647828	105.260209	0.016384	1.1
1878	-0.923979	105.228293	0.005411	1.1
1879	-0.944218	105.196402	0.014760	1.1
1880	-1.357077	105.164537	0.005816	1.1
1881	-0.797287	105.132698	0.041234	1.1
1882	-1.204064	105.100885	0.015888	1.1
1883	-0.685236	105.069097	0.035171	1.1
1884	-1.302525	105.037335	0.019647	1.1
1885	-0.901276	105.005598	0.008845	1.1
1886	-1.234488	104.973887	0.012251	1.1
1887	-0.867222	104.942202	0.022287	1.1
1888	-0.700696	104.910542	0.011424	1.1
1889	-1.449167	104.878907	0.006053	1.2
1890	-1.480625	104.847298	0.006704	1.8
1891	-1.640945	104.815715	0.055365	1.2
1892	-1.309357	104.784156	0.010370	1.2
1893	-1.220390	104.752623	0.016440	1.2
1894	-1.530234	104.721116	0.019005	1.2
1895	-1.037584	104.689633	0.045305	1.2
1896	-0.901254	104.658176	0.006504	1.2
1897	-1.147777	104.626744	0.015990	1.7
1898	-0.773091	104.595337	0.028788	1.1
1899	-0.517447	104.563955	0.013141	1.3
1900	-0.910831	104.532599	0.009663	1.1
1901	-0.954246	104.501267	0.024233	1.1
1902	-1.138132	104.469960	0.006872	1.1
1903	-1.357988	104.438679	0.007451	1.1
1904	-1.482813	104.407422	0.004999	1.1
1905	-1.292409	104.376191	0.013896	1.1
1906	-0.576531	104.344984	0.004181	1.1
1907	-1.519156	104.313802	0.021989	1.2
1908	-0.861805	104.282645	0.045425	1.1
1909	-1.422201	104.251513	0.034213	1.1
1910	-0.723516	104.220405	0.009035	1.1
1911	-0.336779	104.189323	0.012711	1.1
1912	-0.890440	104.158265	0.010044	1.1
1913	-1.456869	104.127231	0.022642	1.1
1914	-1.185356	104.096222	0.036598	1.1
1915	-0.815141	104.065238	0.029200	1.1
1916	-0.581702	104.034279	0.012453	1.1
1917	-1.405059	104.003344	0.014702	1.1
1918	-1.516849	103.972433	0.017642	1.1
1919	-1.038251	103.941547	0.016442	1.1
1920	-1.548444	103.910686	0.129740	1.2
1921	-1.514983	103.879849	0.006289	1.1
1922	-1.073650	103.849036	0.023263	1.1
1923	-1.303197	103.818248	0.015761	1.1
1924	-1.275214	103.787484	0.008234	1.1
1925	-0.715275	103.756744	0.031239	1.1
1926	-1.614932	103.726029	0.027057	1.1
1927	-1.188301	103.695338	0.018634	1.1
1928	-1.022319	103.664671	0.014933	1.1
1929	-0.319909	103.634028	0.004061	1.1
1930	-0.845046	103.603409	0.022117	1.1
1931	-0.448730	103.572814	0.009934	1.1
1932	-1.218300	103.542244	0.011262	1.1
1933	-1.063090	103.511698	0.041341	1.1
1934	-0.736616	103.481175	0.013382	1.1
1935	-0.989030	103.450677	0.004416	1.2
1936	-0.684739	103.420202	0.004342	1.1
1937	-1.160223	103.389752	0.028399	1.1
1938	-1.159531	103.359325	0.025479	1.1
1939	-1.086753	103.328922	0.012945	1.1
1940	-0.598605	103.298543	0.012809	1.1
1941	-0.899346	103.268188	0.005630	1.1
1942	-1.429077	103.237857	0.058996	1.1
1943	-1.168932	103.207549	0.009092	1.1
1944	-0.734346	103.177265	0.019138	1.1
1945	-1.162643	103.147005	0.004329	1.1
1946	-0.911589	103.116768	0.021073	1.1
1947	-1.239743	103.086556	0.010299	1.1
1948	-1.103327	103.056366	0.023246	1.1
1949	-1.045852	103.026200	0.006582	1.1
1950	-0.557111	102.996058	0.005260	1.1
1951	-1.159158	102.965939	0.008938	1.1
1952	-1.310360	102.935844	0.018083	1.1
1953	-1.364418	102.905772	0.058037	1.1
1954	-1.582198	102.875724	0.004222	1.1
1955	-1.526642	102.845699	0.014929	1.1
1956	-1.526832	102.815697	0.010958	1.1
1957	-1.571985	102.785719	0.104340	1.1
1958	-0.318964	102.755764	0.009495	1.1
1959	-1.314370	102.725832	0.013563	1.1
1960	-0.612007	102.695924	0.031963	1.1
1961	-0.940899	102.666038	0.006748	1.1
1962	-1.057033	102.636176	0.012747	1.1
1963	-0.514077	102.606337	0.004536	1.1
1964	-0.830673	102.576521	0.018923	1.1
1965	-1.121189	102.546728	0.007026	1.1
1966	-1.252630	102.516959	0.028664	1.1
1967	-0.765759	102.487212	0.019367	1.1
1968	-0.637252	102.457488	0.017187	1.1
1969	-1.424055	102.427788	0.029850	1.1
1970	-0.830231	102.398110	0.015188	1.1
1971	-0.968334	102.368455	0.010833	1.1
1972	-1.474145	102.338823	0.029974	1.1
1973	-1.557777	102.309214	0.012753	1.1
1974	-1.182241	102.279628	0.011571	1.1
1975	-1.576369	102.250064	0.012292	1.1
1976	-1.616009	102.220524	0.010681	1.1
1977	-1.441532	102.191006	0.010157	1.1
1978	-1.407871	102.161511	0.015096	1.2
1979	-1.072593	102.132038	0.016654	1.1
1980	-0.360957	102.102588	0.006171	1.2
1981	-0.765574	102.073161	0.077534	1.4
1982	-1.015361	102.043757	0.019193	1.1
1983	-0.786512	102.014375	0.011538	1.1
1984	-0.973540	101.985015	0.010539	1.1
1985	-1.517398	101.955678	0.037136	1.1
1986	-0.891302	101.926364	0.006474	1.1
1987	-1.179632	101.897072	0.012656	1.1
1988	-1.143846	101.867802	0.022141	1.1
1989	-1.574904	101.838555	0.044227	1.1
1990	-0.290428	101.809330	0.004107	1.1
1991	-1.513378	101.780128	0.074206	1.1
1992	-1.599556	101.750948	0.007646	1.1
1993	-0.751305	101.721790	0.013663	1.2
1994	-0.214555	101.692654	0.005804	1.1
1995	-1.233359	101.663541	0.058598	1.1
1996	-0.933995	101.634450	0.025356	1.1
1997	-1.199553	101.605381	0.099784	1.1
1998	-1.510033	101.576335	0.008736	1.1
1999	-0.634394	101.547310	0.011559	1.1
