1:ItNr	2:Metric	3:StepSize	4:||Gradient||	Time[ms]
0	-1.007914	627.201626	0.041454	1179.8
1	-0.940695	623.504937	0.013413	2.7
2	-0.626789	619.865785	0.015597	2.9
3	-0.494572	616.282728	0.009973	2.7
4	-1.034816	612.754375	0.033889	2.7
5	-0.370247	609.279381	0.007370	2.4
6	-0.351820	605.856447	0.003294	2.4
7	-0.946423	602.484317	0.030215	2.4
8	-0.713318	599.161779	0.029674	2.4
9	-0.858989	595.887656	0.008277	2.9
10	-0.841297	592.660813	0.011791	3.5
11	-0.051844	589.480151	0.000973	3.1
12	-0.517592	586.344606	0.026483	2.9
13	-0.955199	583.253145	0.035808	2.6
14	-0.521072	580.204771	0.028689	2.9
15	-0.463309	577.198517	0.005224	2.9
16	-0.691161	574.233444	0.026870	2.7
17	-0.549134	571.308645	0.021372	2.7
18	-0.731481	568.423237	0.019213	2.5
19	-0.623481	565.576365	0.008989	2.4
20	-0.720671	562.767201	0.015213	2.4
21	-1.070908	559.994938	0.019770	2.9
22	-0.558557	557.258797	0.013573	2.9
23	-0.736126	554.558018	0.022987	2.7
24	-0.532615	551.891865	0.011617	2.6
25	-0.668983	549.259621	0.009063	2.4
26	-1.070723	546.660592	0.039599	2.4
27	-0.399137	544.094102	0.007283	3.5
28	-0.709487	541.559494	0.019146	2.7
29	-0.563327	539.056129	0.011634	2.7
30	-0.656191	536.583387	0.018894	2.5
31	-0.650235	534.140663	0.013880	2.4
32	-0.678617	531.727370	0.012015	2.4
33	-0.920014	529.342935	0.019198	3.1
34	-0.850446	526.986802	0.017126	3.1
35	-0.757844	524.658430	0.019483	2.7
36	-0.800669	522.357290	0.015323	2.6
37	-0.483177	520.082868	0.021471	2.5
38	-0.849968	517.834665	0.023469	2.4
39	-0.405791	515.612193	0.003600	2.4
40	-0.593477	513.414976	0.006124	4.3
41	-0.605022	511.242551	0.011791	2.9
42	-0.551061	509.094468	0.009031	2.6
43	-1.063176	506.970285	0.040679	2.5
44	-0.334104	504.869574	0.003158	2.4
45	-0.982489	502.791916	0.024038	2.9
46	-0.842940	500.736903	0.011988	3.3
47	-0.925082	498.704137	0.020371	2.8
48	-0.793137	496.693228	0.018238	2.6
49	-0.500007	494.703798	0.006676	2.4
50	-0.181673	492.735476	0.004662	2.3
51	-0.823944	490.787900	0.011618	3.2
52	-0.325402	488.860718	0.003302	2.9
53	-0.701872	486.953585	0.017765	2.6
54	-0.467591	485.066164	0.013798	2.7
55	-0.607257	483.198126	0.011308	2.4
56	-0.707522	481.349149	0.021484	2.3
57	-0.406708	479.518920	0.004246	2.9
58	-0.534710	477.707132	0.019024	2.9
59	-0.930330	475.913485	0.017477	2.7
60	-0.544121	474.137684	0.004571	2.8
61	-0.721696	472.379445	0.035951	2.6
62	-0.448681	470.638485	0.008909	2.4
63	-0.726297	468.914531	0.013043	4.3
64	-0.796256	467.207315	0.028357	2.9
65	-0.787299	465.516573	0.034050	3.3
66	-0.691106	463.842050	0.013973	2.8
67	-0.255407	462.183494	0.007004	2.5
68	-0.713886	460.540658	0.016821	5.0
69	-0.872754	458.913303	0.015792	3.0
70	-0.399602	457.301192	0.004140	3.2
71	-0.729598	455.704096	0.021811	2.7
72	-0.000809	454.121787	0.000044	2.5
73	-0.417109	452.554045	0.008259	2.5
74	-0.563272	451.000653	0.006947	2.7
75	-0.683643	449.461399	0.010593	2.5
76	-0.676622	447.936075	0.009205	2.4
77	-0.727194	446.424477	0.023367	2.5
78	-0.825412	444.926406	0.025593	2.4
79	-0.592612	443.441666	0.006784	2.4
80	-0.782862	441.970065	0.031002	2.5
81	-0.926595	440.511415	0.029080	2.5
82	-0.900233	439.065533	0.021049	2.5
83	-0.413947	437.632238	0.010434	2.4
84	-0.985557	436.211351	0.019336	2.3
85	-0.511344	434.802701	0.013678	2.3
86	-0.232133	433.406117	0.007586	2.3
87	-0.053917	432.021430	0.006026	2.4
88	-0.720776	430.648479	0.030206	2.4
89	-1.021573	429.287101	0.031240	2.4
90	-0.540224	427.937140	0.013497	2.4
91	-0.439057	426.598440	0.012532	2.4
92	-0.419759	425.270849	0.004707	2.4
93	-0.602565	423.954220	0.015848	2.4
94	-0.361785	422.648404	0.007525	2.4
95	-0.054545	421.353259	0.003698	2.5
96	-0.328859	420.068643	0.003079	2.4
97	-0.580161	418.794419	0.027626	2.4
98	-0.461056	417.530451	0.006315	2.4
99	-0.774036	416.276604	0.015556	2.4
100	-0.565919	415.032748	0.012757	2.4
101	-0.670078	413.798754	0.021939	2.4
102	-0.157388	412.574495	0.005287	2.4
103	-0.443540	411.359849	0.006292	2.4
104	-0.778757	410.154691	0.029836	2.4
105	-0.603523	408.958904	0.007807	2.4
106	-0.729667	407.772368	0.014811	2.4
107	-0.860762	406.594968	0.019867	2.4
108	-0.434408	405.426590	0.007528	2.5
109	-0.907667	404.267122	0.023133	2.5
110	-0.624893	403.116456	0.010996	2.4
111	-0.474955	401.974481	0.025357	2.4
112	-0.892805	400.841093	0.015329	2.4
113	-0.327323	399.716187	0.003238	2.4
114	-0.662480	398.599660	0.009906	2.6
115	-0.866764	397.491411	0.020422	2.8
116	-0.893413	396.391342	0.016196	4.7
117	-0.719849	395.299353	0.013606	6.1
118	-0.512535	394.215350	0.019460	2.8
119	-0.875383	393.139238	0.025596	3.1
120	-0.751279	392.070924	0.023307	2.9
121	-0.297313	391.010316	0.011341	3.1
122	-0.645158	389.957325	0.007576	2.6
123	-0.008919	388.911862	0.000579	2.4
124	-0.901962	387.873839	0.016684	2.4
125	-0.899048	386.843173	0.022860	2.4
126	-0.635614	385.819777	0.008322	2.4
127	-0.556387	384.803569	0.009294	2.3
128	-0.886401	383.794468	0.027780	2.4
129	-0.785217	382.792393	0.031923	2.3
130	-0.414232	381.797264	0.009441	2.3
131	-0.564087	380.809005	0.010873	2.3
132	-0.479533	379.827537	0.008935	2.4
133	-0.821297	378.852786	0.014252	2.4
134	-0.938167	377.884678	0.021759	2.3
135	-0.536919	376.923138	0.014857	2.4
136	-0.532669	375.968095	0.008897	2.3
137	-0.829575	375.019479	0.012092	2.3
138	-0.887442	374.077218	0.028645	2.4
139	-0.710389	373.141244	0.011792	2.4
140	-0.826375	372.211489	0.032275	2.4
141	-0.694052	371.287887	0.019095	2.4
142	-0.771136	370.370370	0.018377	2.4
143	-0.720467	369.458876	0.007844	3.2
144	-0.719377	368.553338	0.008000	2.7
145	-0.831845	367.653696	0.031408	3.1
146	-0.564494	366.759885	0.008748	3.0
147	-0.856215	365.871846	0.011880	3.1
148	-0.635672	364.989518	0.016370	2.6
149	-0.672195	364.112841	0.019257	2.4
150	-0.905045	363.241757	0.026561	2.4
151	-0.395829	362.376208	0.002748	2.6
152	-0.843615	361.516137	0.029345	2.5
153	-0.333928	360.661488	0.002825	2.4
154	-0.961004	359.812206	0.013423	2.3
155	-0.550918	358.968236	0.007027	2.3
156	-0.603536	358.129524	0.005733	2.3
157	-0.912275	357.296018	0.038245	2.4
158	-0.386382	356.467665	0.005620	2.4
159	-0.467611	355.644414	0.004555	2.4
160	-0.970085	354.826213	0.015642	2.3
161	-0.950680	354.013012	0.029710	2.3
162	-0.894929	353.204763	0.033614	2.3
163	-0.601736	352.401415	0.025781	2.4
164	-0.374850	351.602922	0.016578	2.4
165	-0.691340	350.809235	0.007018	2.4
166	-0.911839	350.020308	0.011097	2.3
167	-0.481297	349.236095	0.007776	2.4
168	-0.714161	348.456550	0.033304	2.4
169	-0.615502	347.681627	0.007906	2.3
170	-0.632864	346.911283	0.016642	2.3
171	-0.344884	346.145474	0.004960	2.3
172	-1.045252	345.384157	0.039935	2.4
173	-0.559256	344.627288	0.009384	2.4
174	-0.624088	343.874826	0.005971	2.4
175	-0.595556	343.126729	0.009213	2.3
176	-0.773350	342.382957	0.012343	2.4
177	-0.772337	341.643469	0.015683	2.4
178	-0.927280	340.908224	0.023655	2.3
179	-0.780383	340.177184	0.014486	2.3
180	-0.719061	339.450309	0.008734	2.3
181	-0.849746	338.727561	0.034709	2.3
182	-0.515353	338.008902	0.004960	2.3
183	-0.631836	337.294295	0.016317	2.4
184	-0.620022	336.583703	0.004585	2.4
185	-0.738022	335.877089	0.011163	2.3
186	-0.549581	335.174416	0.018248	2.6
187	-0.407549	334.475651	0.005224	2.5
188	-0.454341	333.780756	0.007320	2.4
189	-1.008103	333.089698	0.032820	2.4
190	-0.725163	332.402443	0.007557	2.3
191	-0.432886	331.718955	0.007320	2.3
192	-1.063778	331.039203	0.049389	2.3
193	-0.370409	330.363153	0.011675	2.4
194	-0.707391	329.690771	0.011269	2.4
195	-0.579640	329.022027	0.007636	2.3
196	-0.633680	328.356888	0.008451	2.3
197	-0.748013	327.695322	0.019000	2.3
198	-0.644942	327.037299	0.010698	2.3
199	-0.395795	326.382787	0.004432	2.4
200	-0.945358	325.731758	0.012217	2.4
201	-1.025164	325.084179	0.034882	2.5
202	-0.539864	324.440023	0.008723	2.5
203	-0.510504	323.799258	0.014036	2.4
204	-1.011788	323.161858	0.014185	2.3
205	-0.406646	322.527792	0.004597	2.3
206	-0.761779	321.897034	0.018130	2.3
207	-0.818205	321.269554	0.015828	2.4
208	-0.499145	320.645325	0.007150	2.4
209	-0.783587	320.024320	0.007881	2.4
210	-0.551948	319.406512	0.008596	2.4
211	-0.590618	318.791875	0.007666	2.4
212	-0.645874	318.180381	0.007776	2.4
213	-0.936358	317.572005	0.029130	2.4
214	-0.412031	316.966721	0.006299	2.4
215	-0.582072	316.364504	0.006702	2.4
216	-0.688345	315.765329	0.007476	2.4
217	-0.765188	315.169170	0.021990	2.4
218	-0.491347	314.576003	0.005386	2.4
219	-0.099104	313.985804	0.002606	2.4
220	-0.897864	313.398548	0.012153	2.4
221	-0.550656	312.814213	0.009375	2.4
222	-0.606550	312.232773	0.011211	2.4
223	-0.429885	311.654207	0.007547	2.4
224	-0.612587	311.078491	0.008204	2.3
225	-0.167385	310.505602	0.004746	5.5
226	-0.745872	309.935518	0.015428	3.2
227	-0.565641	309.368217	0.010786	3.4
228	-0.632632	308.803676	0.006419	2.7
229	-0.429669	308.241874	0.006745	2.5
230	-0.973213	307.682789	0.026288	2.5
231	-0.507393	307.126400	0.005643	2.5
232	-0.438916	306.572687	0.017017	2.5
233	-0.847841	306.021627	0.013034	2.4
234	-0.720895	305.473201	0.010292	2.4
235	-0.577658	304.927388	0.008318	2.3
236	-0.927000	304.384168	0.008699	2.3
237	-0.519438	303.843521	0.011259	2.3
238	-0.710235	303.305427	0.012652	2.4
239	-0.593192	302.769867	0.026113	2.4
240	-0.748289	302.236821	0.027330	2.4
241	-0.766170	301.706270	0.011177	2.4
242	-0.770081	301.178196	0.026231	2.3
243	-1.148985	300.652580	0.032356	2.3
244	-0.874291	300.129402	0.024048	2.3
245	-0.641087	299.608645	0.006765	2.3
246	-0.961329	299.090291	0.030314	2.4
247	-0.546679	298.574321	0.006753	2.4
248	-0.493477	298.060718	0.010699	2.4
249	-0.544659	297.549465	0.005555	2.3
250	-1.056058	297.040543	0.025249	2.4
251	-0.582088	296.533936	0.009089	2.4
252	-0.900828	296.029626	0.009197	2.4
253	-0.676912	295.527597	0.018849	2.4
254	-0.546414	295.027832	0.013291	2.5
255	-0.473206	294.530315	0.010867	2.4
256	-0.791879	294.035028	0.006571	2.3
257	-0.563892	293.541956	0.007427	2.4
258	-0.310710	293.051083	0.003589	2.4
259	-0.642365	292.562393	0.006038	2.4
260	-0.629145	292.075870	0.031804	2.5
261	-0.670374	291.591498	0.016152	2.4
262	-0.785022	291.109263	0.008836	2.4
263	-0.604528	290.629149	0.012966	2.4
264	-0.912465	290.151140	0.026150	2.4
265	-0.210663	289.675222	0.005134	2.3
266	-0.670443	289.201380	0.026422	2.4
267	-0.504922	288.729600	0.006431	2.8
268	-0.505711	288.259866	0.006437	2.5
269	-0.568122	287.792165	0.012005	2.4
270	-1.097219	287.326481	0.020789	2.4
271	-1.025993	286.862802	0.033475	2.4
272	-0.610654	286.401113	0.011874	2.4
273	-1.048070	285.941400	0.026106	2.4
274	-0.753189	285.483649	0.010632	2.5
275	-0.820445	285.027847	0.033439	2.4
276	-0.497281	284.573981	0.006486	2.4
277	-0.756201	284.122037	0.022294	2.4
278	-0.838910	283.672002	0.027944	2.4
279	-0.676083	283.223863	0.028611	2.3
280	-0.930974	282.777607	0.015817	2.4
281	-0.926809	282.333221	0.030477	2.4
282	-0.684284	281.890692	0.016948	2.4
283	-0.812923	281.450008	0.028360	2.3
284	-0.758811	281.011157	0.027972	2.3
285	-1.067043	280.574125	0.020694	2.4
286	-0.851161	280.138901	0.023878	2.4
287	-0.746459	279.705473	0.011089	2.4
288	-1.071117	279.273829	0.036939	2.4
289	-0.619391	278.843956	0.012042	2.7
290	-0.562948	278.415844	0.005143	2.4
291	-0.900710	277.989479	0.012938	2.4
292	-0.858591	277.564851	0.011607	2.4
293	-0.519522	277.141949	0.005627	2.4
294	-0.465452	276.720761	0.004939	2.3
295	-0.070467	276.301275	0.002120	2.4
296	-0.865392	275.883480	0.012696	2.4
297	-0.910517	275.467366	0.023904	2.3
298	-0.966541	275.052922	0.033343	2.3
299	-0.719068	274.640136	0.009534	2.3
300	-0.669488	274.228998	0.028117	2.3
301	-0.757767	273.819497	0.008469	2.4
302	-0.879522	273.411623	0.030958	2.5
303	-0.741931	273.005365	0.014508	2.4
304	-0.697250	272.600712	0.026235	2.4
305	-0.575100	272.197655	0.010866	2.4
306	-0.999232	271.796184	0.008585	2.7
307	-0.797479	271.396287	0.023552	2.8
308	-0.747203	270.997956	0.009852	2.9
309	-0.213693	270.601180	0.007907	3.2
310	-0.928234	270.205949	0.037976	2.8
311	-0.751152	269.812254	0.016300	2.6
312	-0.529081	269.420085	0.007800	2.5
313	-0.615622	269.029432	0.014204	2.4
314	-0.646640	268.640287	0.010968	2.5
315	-0.995945	268.252638	0.021666	2.4
316	-0.004728	267.866478	0.000042	2.3
317	-0.477175	267.481796	0.008020	2.3
318	-0.622405	267.098584	0.008339	2.4
319	-0.582975	266.716833	0.009621	2.3
320	-0.717561	266.336533	0.012745	2.4
321	-0.695744	265.957676	0.007542	2.4
322	-0.697650	265.580253	0.008205	2.3
323	-0.753982	265.204254	0.021582	2.4
324	-0.593204	264.829672	0.003877	2.3
325	-1.145766	264.456497	0.034241	2.4
326	-1.017721	264.084721	0.036677	2.3
327	-1.129181	263.714335	0.036116	2.4
328	-0.000067	263.345332	0.000004	2.5
329	-0.681903	262.977702	0.032975	2.4
330	-0.698242	262.611438	0.007288	2.4
331	-0.897519	262.246531	0.025784	2.4
332	-0.810392	261.882973	0.025650	2.4
333	-0.205530	261.520756	0.007967	2.4
334	-0.951900	261.159871	0.024537	2.4
335	-0.798815	260.800312	0.009421	2.4
336	-0.692015	260.442070	0.010273	2.4
337	-0.923471	260.085137	0.038009	2.6
338	-0.588589	259.729505	0.012154	2.4
339	-0.446816	259.375167	0.004239	2.3
340	-0.736439	259.022116	0.020326	2.3
341	-0.400470	258.670343	0.006844	2.3
342	-0.117702	258.319841	0.002869	2.4
343	-1.019011	257.970602	0.022898	2.4
344	-0.465960	257.622620	0.007430	2.3
345	-0.828688	257.275887	0.037300	2.4
346	-0.532234	256.930396	0.007645	2.4
347	-0.524004	256.586139	0.021139	2.4
348	-0.842042	256.243109	0.018370	2.3
349	-0.640352	255.901300	0.009881	2.5
350	-0.786401	255.560703	0.011225	2.4
351	-0.389259	255.221313	0.012783	2.3
352	-0.571667	254.883122	0.008435	2.3
353	-0.751571	254.546124	0.008110	2.4
354	-0.807853	254.210311	0.015538	2.4
355	-0.688820	253.875677	0.009217	2.3
356	-0.839355	253.542215	0.029621	2.5
357	-0.721088	253.209918	0.015743	2.5
358	-0.616251	252.878781	0.005254	2.4
359	-1.041858	252.548795	0.026089	2.4
360	-0.755945	252.219956	0.009941	2.3
361	-0.578313	251.892255	0.027439	2.4
362	-1.045351	251.565688	0.026298	2.3
363	-0.863207	251.240247	0.011248	2.4
364	-0.736455	250.915926	0.015971	2.3
365	-0.918858	250.592720	0.016697	2.3
366	-0.811105	250.270621	0.028469	2.4
367	-0.498524	249.949624	0.005732	2.4
368	-0.388909	249.629723	0.004684	2.3
369	-0.845370	249.310911	0.007870	2.4
370	-0.503777	248.993182	0.019871	2.4
371	-0.759631	248.676531	0.033944	2.4
372	-0.982592	248.360952	0.025567	2.3
373	-0.769240	248.046438	0.009339	2.3
374	-0.741474	247.732984	0.009837	2.4
375	-0.625993	247.420584	0.008400	2.4
376	-0.604493	247.109233	0.034435	2.4
377	-0.992807	246.798924	0.046436	2.4
378	-0.012122	246.489652	0.000888	2.4
379	-0.876677	246.181412	0.023375	2.4
380	-0.938407	245.874197	0.013099	2.4
381	-1.043173	245.568002	0.010132	2.4
382	-0.655690	245.262822	0.005469	2.3
383	-0.184923	244.958652	0.011594	2.4
384	-0.823973	244.655485	0.021113	2.4
385	-0.611447	244.353317	0.033205	2.3
386	-0.832608	244.052142	0.010851	2.3
387	-0.645763	243.751955	0.021415	2.3
388	-0.464012	243.452750	0.004959	3.1
389	-0.346498	243.154523	0.002660	2.8
390	-0.832912	242.857268	0.011791	2.9
391	-0.772266	242.560980	0.008597	2.8
392	-0.837402	242.265654	0.010325	3.0
393	-0.865584	241.971285	0.010531	2.6
394	-0.672618	241.677868	0.006588	2.5
395	-0.943314	241.385397	0.014760	2.4
396	-1.080506	241.093869	0.035304	2.3
397	-0.445985	240.803278	0.004138	2.4
398	-0.531342	240.513619	0.005529	2.4
399	-0.747918	240.224887	0.007363	2.4
400	-0.446046	239.937077	0.006889	2.3
401	-1.000700	239.650186	0.041400	2.3
402	-0.956764	239.364207	0.008695	2.4
403	-0.499446	239.079136	0.022402	2.4
404	-0.626544	238.794969	0.012250	2.4
405	-0.730944	238.511701	0.006703	2.4
406	-0.580528	238.229327	0.006240	2.3
407	-0.591457	237.947843	0.004827	2.3
408	-1.050763	237.667244	0.007923	2.3
409	-0.796740	237.387526	0.018746	2.3
410	-0.762037	237.108684	0.005686	2.3
411	-0.254426	236.830714	0.014795	2.3
412	-0.814155	236.553610	0.020359	2.3
413	-1.032964	236.277370	0.028019	2.3
414	-0.238975	236.001989	0.009170	2.4
415	-0.707505	235.727461	0.008412	2.3
416	-0.436606	235.453784	0.004680	2.4
417	-0.997115	235.180952	0.029402	2.4
418	-0.981412	234.908962	0.029969	2.4
419	-0.581575	234.637809	0.004016	2.4
420	-0.704453	234.367488	0.009138	2.4
421	-1.001341	234.097997	0.026011	2.4
422	-0.689336	233.829331	0.012671	2.3
423	-0.456937	233.561485	0.007328	2.3
424	-0.098325	233.294456	0.003447	2.4
425	-0.383495	233.028239	0.010895	2.5
426	-1.128332	232.762831	0.015654	2.4
427	-0.771995	232.498228	0.026088	2.3
428	-0.600246	232.234425	0.005933	2.4
429	-0.799536	231.971419	0.029699	2.4
430	-0.559338	231.709205	0.016831	2.4
431	-0.528515	231.447781	0.004505	2.8
432	-0.758057	231.187141	0.007984	2.4
433	-0.681771	230.927283	0.007316	2.4
434	-1.145416	230.668202	0.020150	2.4
435	-0.784103	230.409895	0.005423	2.3
436	-0.599482	230.152358	0.009703	2.3
437	-0.863654	229.895587	0.012836	2.4
438	-0.424636	229.639578	0.006587	2.4
439	-0.978325	229.384329	0.029588	2.4
440	-0.827066	229.129834	0.019661	2.3
441	-0.332890	228.876091	0.003051	2.3
442	-1.065090	228.623096	0.010028	2.3
443	-1.051720	228.370846	0.013353	2.4
444	-0.715129	228.119336	0.018143	2.4
445	-0.504974	227.868563	0.003130	2.4
446	-0.619545	227.618525	0.005846	2.4
447	-1.077363	227.369216	0.038792	2.4
448	-0.539876	227.120635	0.020922	2.4
449	-0.896623	226.872777	0.030438	2.4
450	-1.096501	226.625638	0.028914	2.3
451	-0.722487	226.379217	0.006693	2.3
452	-0.603194	226.133509	0.005203	2.4
453	-0.661296	225.888510	0.008268	2.4
454	-0.581107	225.644218	0.017671	2.4
455	-0.453289	225.400630	0.008973	2.5
456	-0.653522	225.157741	0.010750	2.4
457	-0.655100	224.915549	0.007582	2.4
458	-0.582919	224.674051	0.007249	2.4
459	-0.971964	224.433242	0.006869	2.3
460	-0.667115	224.193121	0.006613	2.4
461	-0.780953	223.953684	0.008732	2.4
462	-0.447086	223.714927	0.005525	2.4
463	-0.501686	223.476848	0.011055	2.3
464	-0.654848	223.239444	0.008339	2.3
465	-0.653264	223.002710	0.010047	2.3
466	-0.727495	222.766645	0.006897	2.3
467	-0.828496	222.531245	0.008476	2.4
468	-0.842571	222.296508	0.020928	2.6
469	-0.439930	222.062429	0.004524	2.4
470	-0.794264	221.829007	0.030841	2.4
471	-0.559134	221.596238	0.011373	2.8
472	-1.000527	221.364119	0.042435	3.0
473	-0.819897	221.132647	0.009543	2.8
474	-0.360662	220.901820	0.002976	3.1
475	-0.763329	220.671634	0.027613	3.0
476	-0.837651	220.442086	0.031633	2.8
477	-0.054841	220.213174	0.001036	2.6
478	-1.008526	219.984895	0.022855	2.5
479	-0.920028	219.757246	0.017550	2.5
480	-0.624837	219.530224	0.007813	2.5
481	-0.754088	219.303826	0.034234	2.3
482	-0.832347	219.078050	0.040929	2.3
483	-0.378632	218.852893	0.015373	2.4
484	-0.443765	218.628352	0.003574	2.4
485	-0.942859	218.404424	0.032393	2.5
486	-0.720161	218.181106	0.008817	2.4
487	-0.716668	217.958397	0.007634	2.4
488	-0.508844	217.736292	0.006791	2.4
489	-0.684213	217.514790	0.004748	2.4
490	-0.700303	217.293888	0.005867	2.3
491	-0.665132	217.073584	0.006529	2.3
492	-0.654514	216.853873	0.006707	2.4
493	-0.609035	216.634755	0.003348	2.4
494	-0.558399	216.416227	0.010351	2.4
495	-0.444249	216.198285	0.005049	2.4
496	-0.375313	215.980927	0.018969	2.3
497	-0.418424	215.764151	0.002404	2.3
498	-0.728636	215.547955	0.005823	2.3
499	-0.482637	215.332335	0.003658	2.5
500	-0.421189	215.117289	0.011253	2.4
501	-0.463741	214.902815	0.007661	2.4
502	-0.962605	214.688911	0.038635	2.4
503	-1.063604	214.475573	0.027030	2.4
504	-0.731704	214.262800	0.033331	2.4
505	-0.785403	214.050588	0.014346	2.4
506	-0.694163	213.838936	0.006848	2.4
507	-0.576213	213.627842	0.007692	2.4
508	-0.688116	213.417302	0.009512	2.4
509	-0.004456	213.207314	0.000017	2.4
510	-0.539238	212.997877	0.004618	2.4
511	-1.135239	212.788987	0.022611	2.3
512	-1.007841	212.580642	0.029521	2.3
513	-1.084541	212.372841	0.031131	2.6
514	-0.616018	212.165581	0.017257	2.4
515	-0.689691	211.958859	0.007884	2.3
516	-0.742369	211.752673	0.011126	2.3
517	-1.109500	211.547021	0.027949	2.4
518	-0.595371	211.341902	0.008109	2.5
519	-0.555518	211.137311	0.019187	2.4
520	-0.795370	210.933248	0.015472	2.4
521	-0.665780	210.729710	0.029653	2.3
522	-0.730214	210.526695	0.007080	2.3
523	-0.912580	210.324200	0.030892	2.3
524	-1.018509	210.122224	0.033332	2.3
525	-0.753278	209.920765	0.010655	2.3
526	-0.426404	209.719820	0.004290	2.3
527	-0.438055	209.519387	0.014508	2.4
528	-0.023803	209.319463	0.001062	2.4
529	-0.482103	209.120048	0.004521	2.4
530	-0.726505	208.921139	0.012404	2.4
531	-0.994142	208.722733	0.026576	2.4
532	-0.060095	208.524829	0.002137	2.3
533	-0.793025	208.327425	0.024475	2.4
534	-0.837146	208.130518	0.011182	2.4
535	-0.813360	207.934107	0.008026	2.4
536	-0.592039	207.738189	0.008105	2.3
537	-0.979444	207.542762	0.022005	2.4
538	-0.531937	207.347825	0.006559	2.4
539	-0.623554	207.153376	0.004624	2.4
540	-0.394246	206.959412	0.003534	2.4
541	-0.798537	206.765932	0.009763	2.5
542	-1.025962	206.572933	0.035757	2.5
543	-1.064858	206.380414	0.044325	2.4
544	-1.006683	206.188373	0.024157	2.4
545	-0.861810	205.996807	0.007461	2.4
546	-1.087736	205.805716	0.021126	2.3
547	-0.764040	205.615096	0.006771	2.4
548	-0.594079	205.424946	0.026456	2.3
549	-0.712349	205.235265	0.005974	2.4
550	-0.842879	205.046050	0.017011	2.6
551	-0.388774	204.857299	0.014471	2.4
552	-0.677744	204.669011	0.007877	2.5
553	-0.791440	204.481184	0.006716	2.4
554	-0.926584	204.293816	0.011016	2.9
555	-0.611040	204.106905	0.022401	2.8
556	-1.038943	203.920449	0.042485	2.7
557	-0.884221	203.734447	0.012280	2.6
558	-1.007246	203.548896	0.036115	2.8
559	-0.951622	203.363795	0.014028	2.9
560	-1.006184	203.179143	0.055284	2.9
561	-0.612249	202.994937	0.009618	2.5
562	-0.521251	202.811176	0.013543	2.4
563	-0.718307	202.627857	0.005008	2.3
564	-0.374812	202.444980	0.003710	2.3
565	-1.065591	202.262543	0.008385	2.4
566	-0.761167	202.080543	0.009693	2.4
567	-1.033127	201.898979	0.015328	2.4
568	-0.642414	201.717849	0.009651	2.4
569	-0.489064	201.537153	0.006471	2.4
570	-0.641816	201.356887	0.008775	2.4
571	-0.434478	201.177050	0.007922	2.3
572	-0.409479	200.997642	0.011107	2.3
573	-1.005136	200.818659	0.010011	2.3
574	-0.386124	200.640100	0.004742	2.3
575	-0.940026	200.461965	0.042858	2.3
576	-1.035951	200.284250	0.025922	2.3
577	-0.872415	200.106955	0.010521	2.3
578	-0.870873	199.930078	0.015258	2.3
579	-1.061150	199.753617	0.027474	2.3
580	-0.985282	199.577571	0.029839	2.4
581	-0.449782	199.401938	0.007323	2.5
582	-0.560174	199.226717	0.016060	2.4
583	-0.677097	199.051905	0.007589	2.4
584	-0.515158	198.877502	0.004823	2.4
585	-0.928662	198.703506	0.024293	2.4
586	-0.685075	198.529916	0.010730	2.4
587	-0.984771	198.356729	0.021351	2.3
588	-0.824505	198.183944	0.011015	2.4
589	-0.915789	198.011560	0.008858	2.4
590	-0.808853	197.839576	0.024704	2.4
591	-0.464637	197.667989	0.011522	2.3
592	-1.015423	197.496798	0.010120	2.4
593	-0.726354	197.326002	0.008412	2.4
594	-0.858648	197.155600	0.010069	2.4
595	-0.471175	196.985589	0.005637	2.8
596	-0.913041	196.815969	0.026875	2.5
597	-0.449775	196.646738	0.010496	2.4
598	-1.050864	196.477894	0.037228	2.3
599	-1.064766	196.309436	0.044379	2.4
600	-0.674066	196.141363	0.012908	2.4
601	-0.881926	195.973673	0.014721	2.4
602	-0.589203	195.806365	0.021202	2.4
603	-0.638189	195.639437	0.007594	2.3
604	-0.475159	195.472888	0.017357	2.4
605	-0.725143	195.306717	0.017508	2.3
606	-0.222578	195.140922	0.015582	2.3
607	-0.496027	194.975501	0.011159	2.4
608	-0.746827	194.810454	0.007200	2.4
609	-1.104230	194.645779	0.012859	2.4
610	-0.935960	194.481475	0.009418	2.4
611	-0.630290	194.317540	0.010467	2.3
612	-0.499421	194.153973	0.008875	2.3
613	-0.841067	193.990773	0.008935	2.4
614	-0.989993	193.827938	0.022647	2.4
615	-0.503385	193.665467	0.005532	2.4
616	-0.852021	193.503358	0.019882	2.4
617	-0.671663	193.341611	0.006530	2.3
618	-0.827740	193.180224	0.021034	2.4
619	-0.146947	193.019196	0.005634	2.3
620	-0.870420	192.858525	0.010299	2.4
621	-0.338524	192.698210	0.003633	2.3
622	-0.807784	192.538251	0.007026	2.4
623	-0.909496	192.378644	0.011361	2.4
624	-0.516947	192.219391	0.010156	2.3
625	-0.934357	192.060488	0.027605	2.3
626	-0.751002	191.901935	0.006257	2.3
627	-1.152885	191.743730	0.045396	2.3
628	-0.554683	191.585873	0.019826	2.3
629	-0.471816	191.428362	0.004586	2.3
630	-0.689937	191.271196	0.006975	2.5
631	-0.479600	191.114374	0.010865	2.5
632	-0.998231	190.957893	0.022910	2.4
633	-0.872886	190.801755	0.012948	2.4
634	-0.678555	190.645956	0.018884	2.4
635	-1.169016	190.490495	0.009953	2.4
636	-0.901755	190.335373	0.026466	3.1
637	-0.899711	190.180587	0.035666	3.0
638	-0.158218	190.026136	0.003712	2.7
639	-0.471424	189.872019	0.022906	2.8
640	-1.153161	189.718235	0.015383	2.9
641	-0.997190	189.564782	0.032144	3.1
642	-0.716188	189.411661	0.006381	2.5
643	-1.205527	189.258868	0.023538	2.4
644	-0.858569	189.106404	0.009449	2.4
645	-0.910006	188.954267	0.026293	2.3
646	-0.469622	188.802456	0.018926	2.3
647	-0.630695	188.650969	0.008828	2.3
648	-1.055349	188.499807	0.049461	2.4
649	-0.752526	188.348967	0.008631	2.4
650	-0.952120	188.198448	0.012222	2.3
651	-0.943846	188.048250	0.013122	2.3
652	-1.112694	187.898371	0.034695	2.4
653	-1.020879	187.748810	0.029039	2.3
654	-0.598351	187.599566	0.005620	2.3
655	-0.924802	187.450638	0.006805	2.3
656	-1.084770	187.302025	0.030850	2.4
657	-1.017624	187.153725	0.009315	2.4
658	-0.471984	187.005739	0.003548	2.4
659	-0.835052	186.858064	0.005311	2.4
660	-0.348578	186.710699	0.016219	2.4
661	-0.926574	186.563645	0.026014	2.3
662	-0.960065	186.416898	0.017524	2.3
663	-0.815639	186.270459	0.029239	2.5
664	-0.419737	186.124326	0.003684	2.4
665	-0.661280	185.978499	0.007804	2.4
666	-0.127144	185.832976	0.010668	2.4
667	-0.824271	185.687756	0.008379	2.4
668	-0.603654	185.542838	0.003519	2.4
669	-0.797401	185.398222	0.028807	2.5
670	-1.042753	185.253906	0.008789	2.4
671	-1.210774	185.109889	0.011250	2.5
672	-0.968014	184.966170	0.011396	2.3
673	-0.697585	184.822748	0.010891	2.3
674	-0.987891	184.679623	0.048077	2.3
675	-0.607511	184.536792	0.009020	2.3
676	-0.595933	184.394256	0.018533	2.3
677	-0.723160	184.252013	0.008075	2.7
678	-0.720264	184.110062	0.005427	2.5
679	-1.090348	183.968403	0.045698	2.4
680	-0.000080	183.827034	0.000005	2.4
681	-0.916985	183.685954	0.035596	2.4
682	-1.062373	183.545163	0.051871	2.5
683	-0.749634	183.404658	0.007694	2.4
684	-0.420353	183.264441	0.004467	2.4
685	-0.736510	183.124509	0.006691	2.4
686	-0.052688	182.984861	0.003199	2.4
687	-0.759445	182.845497	0.020913	2.3
688	-0.660739	182.706416	0.007489	2.4
689	-0.553150	182.567616	0.004492	2.3
690	-0.353363	182.429098	0.002573	2.4
691	-0.771018	182.290859	0.007904	2.5
692	-1.024047	182.152899	0.037280	2.4
693	-0.762511	182.015217	0.026679	2.4
694	-1.006791	181.877813	0.026707	2.3
695	-0.477394	181.740684	0.003425	2.4
696	-0.705996	181.603832	0.007236	2.4
697	-0.649415	181.467253	0.008475	2.4
698	-0.578402	181.330948	0.012944	2.4
699	-0.862417	181.194916	0.007712	2.4
700	-0.771018	181.059155	0.026469	2.4
701	-0.483892	180.923666	0.017676	2.4
702	-0.908466	180.788446	0.020676	2.4
703	-0.039359	180.653496	0.003114	2.4
704	-0.572608	180.518814	0.006510	2.4
705	-1.177703	180.384399	0.027536	2.4
706	-0.997845	180.250251	0.023460	2.4
707	-0.857334	180.116369	0.014487	2.4
708	-0.021123	179.982752	0.003989	2.3
709	-0.661706	179.849398	0.009840	2.4
710	-0.463656	179.716308	0.006433	2.4
711	-0.386766	179.583480	0.007256	2.5
712	-0.803105	179.450913	0.010607	2.5
713	-0.625748	179.318607	0.004770	2.4
714	-0.631441	179.186561	0.006672	2.4
715	-0.669816	179.054774	0.006113	2.4
716	-0.608616	178.923245	0.006099	2.4
717	-0.950926	178.791973	0.012491	2.4
718	-0.724752	178.660958	0.017784	2.7
719	-0.981066	178.530199	0.017070	3.8
720	-0.830613	178.399694	0.022890	2.7
721	-0.306111	178.269444	0.020453	2.6
722	-0.510145	178.139447	0.006207	2.8
723	-0.983065	178.009702	0.033869	3.0
724	-0.818639	177.880209	0.008548	2.7
725	-0.764964	177.750967	0.007688	2.5
726	-0.706952	177.621975	0.007970	2.4
727	-0.611330	177.493232	0.015991	2.4
728	-0.537826	177.364738	0.003128	2.3
729	-0.752411	177.236492	0.006511	2.3
730	-0.486405	177.108492	0.005538	2.4
731	-0.486103	176.980739	0.004725	2.5
732	-0.646347	176.853231	0.017304	2.4
733	-0.908654	176.725968	0.011854	2.3
734	-0.685840	176.598949	0.008327	2.3
735	-0.576332	176.472173	0.004004	2.4
736	-1.076579	176.345639	0.044575	2.4
737	-0.367652	176.219348	0.003701	2.4
738	-1.005484	176.093296	0.020991	2.4
739	-1.057411	175.967486	0.039140	2.4
740	-0.803533	175.841914	0.008492	2.3
741	-0.642586	175.716581	0.005080	2.5
742	-0.520252	175.591486	0.018867	2.5
743	-1.026180	175.466629	0.034589	2.4
744	-0.680805	175.342008	0.008350	2.5
745	-1.095387	175.217622	0.040976	2.4
746	-1.005053	175.093472	0.011927	2.4
747	-1.008989	174.969556	0.028933	2.4
748	-0.506733	174.845873	0.008353	2.4
749	-0.755915	174.722423	0.007374	2.4
750	-1.086420	174.599206	0.055123	2.4
751	-0.768255	174.476220	0.040590	2.4
752	-0.316802	174.353464	0.003584	2.4
753	-0.438727	174.230939	0.008974	2.4
754	-0.830575	174.108643	0.030697	2.4
755	-0.069929	173.986576	0.003696	3.4
756	-0.802954	173.864737	0.014797	2.6
757	-0.870487	173.743124	0.008953	2.4
758	-0.609558	173.621739	0.006601	2.6
759	-0.978617	173.500579	0.027186	2.4
760	-1.022653	173.379645	0.006456	2.4
761	-0.420644	173.258935	0.006146	2.4
762	-0.714126	173.138449	0.007210	2.3
763	-0.372632	173.018186	0.004561	2.3
764	-0.820175	172.898146	0.037689	2.3
765	-0.486318	172.778327	0.007581	2.6
766	-0.922409	172.658730	0.032403	2.6
767	-0.561788	172.539353	0.011962	2.4
768	-1.158304	172.420196	0.051636	2.4
769	-0.719753	172.301258	0.009099	2.4
770	-0.488391	172.182539	0.004708	2.3
771	-1.044845	172.064037	0.009701	2.4
772	-0.398006	171.945753	0.002580	2.4
773	-0.728421	171.827686	0.005304	2.4
774	-1.154061	171.709834	0.012002	2.3
775	-0.538560	171.592198	0.007037	2.4
776	-1.130517	171.474776	0.017061	2.4
777	-0.973312	171.357568	0.009616	2.4
778	-0.166690	171.240574	0.006330	2.4
779	-0.157762	171.123793	0.009409	2.4
780	-0.535457	171.007223	0.004900	2.4
781	-0.682555	170.890865	0.006690	2.3
782	-0.715491	170.774718	0.009956	2.4
783	-0.979531	170.658782	0.021686	2.4
784	-1.081929	170.543055	0.045230	2.4
785	-1.057017	170.427537	0.037995	2.4
786	-0.874906	170.312227	0.015313	2.5
787	-0.381157	170.197125	0.027808	2.4
788	-0.981348	170.082231	0.043930	2.3
789	-0.538176	169.967543	0.006551	2.3
790	-0.728525	169.853061	0.022992	2.4
791	-0.537369	169.738784	0.004155	2.4
792	-0.221080	169.624713	0.006186	2.4
793	-0.788352	169.510845	0.010326	2.4
794	-0.936900	169.397181	0.038678	2.4
795	-0.304314	169.283720	0.017168	2.4
796	-1.122392	169.170462	0.033876	2.4
797	-0.351057	169.057405	0.003140	2.4
798	-1.003210	168.944549	0.022328	2.4
799	-0.591927	168.831895	0.012611	2.5
800	-0.762228	168.719440	0.023856	2.7
801	-0.416577	168.607185	0.002710	2.7
802	-0.605699	168.495129	0.007295	2.6
803	-1.104915	168.383271	0.027821	2.7
804	-0.910068	168.271611	0.007915	3.7
805	-0.761527	168.160148	0.030273	2.8
806	-1.071008	168.048882	0.033667	2.6
807	-0.813506	167.937812	0.006938	2.4
808	-0.536917	167.826938	0.003583	2.4
809	-0.656177	167.716258	0.006651	2.3
810	-0.998057	167.605773	0.024341	2.3
811	-0.968981	167.495482	0.027766	2.4
812	-0.471172	167.385384	0.005319	2.4
813	-0.109549	167.275479	0.009224	2.4
814	-0.048190	167.165766	0.005190	2.3
815	-0.927091	167.056245	0.022345	2.3
816	-1.108930	166.946915	0.010690	2.4
817	-0.833335	166.837776	0.005677	2.4
818	-1.098120	166.728826	0.009205	2.4
819	-0.768982	166.620067	0.007956	2.4
820	-1.015315	166.511496	0.037571	2.4
821	-0.948967	166.403113	0.044674	2.4
822	-0.872287	166.294919	0.012210	2.4
823	-0.474751	166.186912	0.003385	2.3
824	-0.473303	166.079091	0.004000	2.3
825	-1.045336	165.971458	0.027716	2.5
826	-0.721599	165.864009	0.006406	2.4
827	-0.547114	165.756747	0.005241	2.4
828	-0.591222	165.649669	0.005773	2.3
829	-0.630895	165.542775	0.007331	2.3
830	-1.113874	165.436065	0.036648	2.3
831	-0.567961	165.329538	0.005408	2.3
832	-0.396082	165.223194	0.017732	2.4
833	-0.752371	165.117032	0.019108	2.4
834	-0.418747	165.011052	0.004454	2.5
835	-1.009090	164.905253	0.018933	2.4
836	-1.161929	164.799635	0.027102	2.4
837	-0.816844	164.694197	0.005701	2.4
838	-0.643780	164.588939	0.013738	2.4
839	-0.466747	164.483859	0.005371	2.4
840	-0.464828	164.378959	0.005536	2.5
841	-1.011405	164.274237	0.043317	2.4
842	-0.595300	164.169692	0.008778	2.3
843	-0.266698	164.065325	0.014738	2.5
844	-0.720350	163.961135	0.008375	2.3
845	-1.007610	163.857120	0.008723	2.4
846	-0.634640	163.753282	0.005666	2.4
847	-0.012532	163.649619	0.000154	2.4
848	-0.550287	163.546130	0.009323	2.3
849	-0.515006	163.442816	0.006919	2.3
850	-0.659735	163.339676	0.007167	2.3
851	-0.568901	163.236709	0.004407	2.4
852	-0.614712	163.133915	0.017597	2.3
853	-1.061571	163.031294	0.014474	2.4
854	-0.407880	162.928844	0.012274	2.3
855	-0.909631	162.826566	0.008537	2.4
856	-0.865576	162.724459	0.017645	2.4
857	-0.544518	162.622523	0.008020	2.4
858	-1.102630	162.520757	0.027548	2.4
859	-0.653101	162.419160	0.017945	2.4
860	-0.559679	162.317733	0.008090	2.5
861	-0.628865	162.216474	0.006478	2.4
862	-0.947919	162.115383	0.008305	2.4
863	-0.848201	162.014461	0.008573	2.4
864	-0.723460	161.913705	0.005228	2.3
865	-0.796566	161.813117	0.013831	2.3
866	-1.050133	161.712695	0.011779	2.3
867	-0.719751	161.612439	0.006920	2.4
868	-0.034208	161.512349	0.000569	2.5
869	-0.707242	161.412424	0.011899	2.4
870	-0.659427	161.312663	0.007744	2.4
871	-0.816193	161.213067	0.008435	2.4
872	-0.602829	161.113635	0.005048	2.4
873	-0.624503	161.014366	0.006130	2.3
874	-0.320590	160.915260	0.008819	2.4
875	-0.825780	160.816316	0.010608	2.3
876	-1.077326	160.717535	0.013287	2.3
877	-0.648318	160.618915	0.010060	2.3
878	-0.662390	160.520456	0.010149	2.4
879	-1.015704	160.422158	0.018549	2.4
880	-1.136397	160.324021	0.013521	2.4
881	-0.438930	160.226043	0.005332	2.6
882	-0.703778	160.128225	0.013324	2.5
883	-1.080673	160.030566	0.051732	3.5
884	-1.015535	159.933066	0.046274	2.8
885	-0.734997	159.835723	0.007560	2.7
886	-1.107204	159.738539	0.008636	2.9
887	-0.553844	159.641512	0.007911	2.9
888	-0.575837	159.544642	0.007621	2.6
889	-0.783647	159.447929	0.008136	2.4
890	-0.856826	159.351372	0.040037	2.4
891	-0.641377	159.254971	0.004107	2.3
892	-0.629761	159.158725	0.007537	2.3
893	-0.990063	159.062634	0.021494	2.4
894	-0.881162	158.966697	0.032007	2.5
895	-1.134852	158.870915	0.013094	2.3
896	-0.925028	158.775286	0.023659	2.3
897	-0.240716	158.679811	0.012936	2.3
898	-1.070494	158.584489	0.029325	2.3
899	-0.845008	158.489319	0.008609	2.3
900	-0.670432	158.394302	0.005986	2.4
901	-0.634031	158.299436	0.006302	2.4
902	-0.951054	158.204721	0.015425	2.4
903	-0.864267	158.110158	0.007596	2.4
904	-1.003986	158.015745	0.007579	2.3
905	-0.623120	157.921482	0.005246	2.3
906	-1.047808	157.827369	0.034548	2.3
907	-0.371469	157.733406	0.006372	2.4
908	-0.668629	157.639591	0.018085	2.6
909	-0.885045	157.545925	0.014403	2.4
910	-0.633182	157.452408	0.006680	2.4
911	-0.996859	157.359038	0.032875	2.4
912	-0.485136	157.265816	0.003158	2.4
913	-0.544899	157.172741	0.023842	2.4
914	-0.591606	157.079813	0.009560	2.4
915	-0.733955	156.987031	0.008499	2.4
916	-0.528706	156.894395	0.004668	2.3
917	-0.849371	156.801904	0.005868	2.4
918	-1.128959	156.709559	0.020506	2.4
919	-0.402068	156.617359	0.012682	2.4
920	-0.837603	156.525304	0.018381	2.3
921	-0.900483	156.433392	0.012867	2.8
922	-0.434593	156.341624	0.003561	2.6
923	-0.437396	156.250000	0.008975	2.4
924	-0.960232	156.158519	0.009713	2.4
925	-1.058531	156.067180	0.010496	2.4
926	-0.844296	155.975984	0.033996	2.4
927	-1.004982	155.884930	0.007197	2.3
928	-0.975328	155.794017	0.018679	2.5
929	-0.936993	155.703246	0.014284	2.4
930	-0.864681	155.612615	0.016000	2.4
931	-0.659400	155.522125	0.011706	2.4
932	-1.041501	155.431775	0.035346	2.3
933	-0.671365	155.341565	0.032019	2.4
934	-1.059438	155.251495	0.008800	2.4
935	-0.155134	155.161563	0.006148	2.4
936	-0.623006	155.071771	0.007839	2.4
937	-0.971945	154.982117	0.017268	2.4
938	-0.712851	154.892601	0.008837	2.3
939	-0.362895	154.803222	0.003620	2.3
940	-1.125103	154.713981	0.039585	2.4
941	-0.409007	154.624878	0.002965	2.4
942	-1.059114	154.535910	0.046967	2.4
943	-0.768262	154.447080	0.014375	2.4
944	-0.697219	154.358385	0.025952	2.4
945	-0.419487	154.269826	0.010357	2.4
946	-0.577260	154.181402	0.009375	2.4
947	-0.906864	154.093114	0.010323	2.4
948	-0.760036	154.004960	0.007845	2.4
949	-0.646152	153.916940	0.019048	2.4
950	-0.882050	153.829054	0.007904	2.5
951	-0.751334	153.741303	0.007836	2.4
952	-0.750050	153.653684	0.008981	2.3
953	-0.301659	153.566198	0.005877	2.3
954	-0.813648	153.478846	0.006088	2.3
955	-0.688801	153.391625	0.005798	2.4
956	-0.982866	153.304537	0.016838	2.3
957	-0.866225	153.217580	0.009249	2.4
958	-0.528144	153.130755	0.003601	2.4
959	-0.619363	153.044061	0.023948	2.5
960	-0.807489	152.957498	0.005318	2.5
961	-0.735548	152.871065	0.007186	2.4
962	-0.928762	152.784762	0.012251	2.4
963	-0.983643	152.698589	0.008370	2.8
964	-0.691715	152.612545	0.006272	2.5
965	-0.434203	152.526631	0.003622	2.4
966	-0.458088	152.440845	0.003845	2.7
967	-0.892849	152.355188	0.006492	2.7
968	-0.561953	152.269660	0.008591	2.7
969	-0.973926	152.184259	0.008833	3.0
970	-0.798164	152.098986	0.013672	2.9
971	-1.112936	152.013840	0.017489	2.7
972	-0.772710	151.928821	0.007564	2.5
973	-0.558670	151.843928	0.003625	2.4
974	-0.444953	151.759163	0.011927	2.3
975	-0.675952	151.674523	0.016734	2.4
976	-0.489699	151.590009	0.002304	2.3
977	-0.693381	151.505620	0.009229	2.4
978	-0.563114	151.421357	0.003930	2.4
979	-0.698989	151.337218	0.007510	2.4
980	-0.534099	151.253204	0.007449	2.4
981	-1.091616	151.169314	0.035228	2.3
982	-0.400926	151.085549	0.003324	2.4
983	-0.986913	151.001907	0.010468	2.4
984	-1.185332	150.918388	0.026677	2.4
985	-0.950491	150.834992	0.010866	2.3
986	-1.013561	150.751719	0.030708	2.3
987	-1.003997	150.668569	0.040738	2.3
988	-0.581584	150.585541	0.004378	2.3
989	-0.904113	150.502634	0.012775	2.4
990	-0.621408	150.419849	0.005972	2.4
991	-0.938575	150.337186	0.014361	2.4
992	-0.367889	150.254644	0.004010	2.4
993	-0.963236	150.172222	0.008834	2.4
994	-0.610222	150.089921	0.009965	2.4
995	-0.738412	150.007740	0.009622	2.4
996	-0.692528	149.925679	0.008629	2.5
997	-1.014915	149.843737	0.007763	2.4
998	-0.769943	149.761915	0.006606	2.3
999	-0.895378	149.680212	0.012253	2.4
1000	-0.819932	149.598627	0.010311	2.4
1001	-0.651423	149.517161	0.010505	2.3
1002	-0.866974	149.435814	0.010869	2.4
1003	-1.100503	149.354584	0.050300	2.7
1004	-1.112537	149.273472	0.037383	2.5
1005	-0.703441	149.192477	0.017036	2.4
1006	-1.061639	149.111599	0.022253	2.4
1007	-0.747692	149.030838	0.007399	2.4
1008	-0.735659	148.950194	0.006378	2.3
1009	-0.066769	148.869666	0.005870	2.4
1010	-0.872296	148.789253	0.009675	2.4
1011	-1.034877	148.708957	0.009648	2.4
1012	-0.061898	148.628776	0.002217	2.3
1013	-1.098137	148.548710	0.044953	3.2
1014	-0.543509	148.468759	0.005994	2.3
1015	-0.999481	148.388923	0.017299	2.3
1016	-0.490337	148.309201	0.003478	2.4
1017	-0.554962	148.229594	0.010069	2.3
1018	-0.850969	148.150100	0.031038	2.3
1019	-1.050432	148.070719	0.034554	2.3
1020	-1.106384	147.991452	0.028463	2.3
1021	-0.637590	147.912298	0.007627	2.3
1022	-0.872556	147.833257	0.011043	2.4
1023	-0.943672	147.754329	0.014714	2.4
1024	-0.602044	147.675512	0.007238	2.4
1025	-0.864061	147.596808	0.008789	2.3
1026	-0.000199	147.518216	0.000018	2.3
1027	-0.662177	147.439735	0.009327	2.3
1028	-1.065996	147.361365	0.027212	2.3
1029	-0.278207	147.283106	0.012152	2.3
1030	-0.561336	147.204958	0.005649	2.5
1031	-0.959552	147.126920	0.017718	2.4
1032	-0.785522	147.048993	0.007153	2.4
1033	-0.421820	146.971175	0.003685	2.4
1034	-1.128575	146.893468	0.050980	2.4
1035	-1.082916	146.815869	0.018265	2.4
1036	-0.659638	146.738380	0.005661	2.4
1037	-0.298660	146.661000	0.023106	2.4
1038	-0.733062	146.583729	0.010338	2.4
1039	-0.936279	146.506566	0.018880	2.4
1040	-0.790938	146.429511	0.007261	2.4
1041	-0.472983	146.352565	0.004354	2.4
1042	-0.947211	146.275726	0.009139	2.4
1043	-0.811382	146.198994	0.023351	2.4
1044	-0.386731	146.122370	0.005590	2.8
1045	-0.479623	146.045853	0.006496	2.5
1046	-0.588923	145.969442	0.008366	2.4
1047	-1.182566	145.893139	0.023113	2.4
1048	-1.124307	145.816941	0.040749	2.7
1049	-0.791902	145.740849	0.006775	2.7
1050	-0.897668	145.664863	0.007432	2.5
1051	-0.960309	145.588983	0.029897	2.6
1052	-0.616569	145.513208	0.009014	2.9
1053	-0.748614	145.437538	0.010845	2.7
1054	-0.691439	145.361973	0.007064	2.6
1055	-0.864884	145.286513	0.008337	2.4
1056	-0.780259	145.211157	0.008547	2.4
1057	-0.471910	145.135905	0.003371	2.4
1058	-0.155325	145.060757	0.006977	2.4
1059	-0.126851	144.985712	0.004366	2.4
1060	-0.827866	144.910771	0.009870	2.4
1061	-1.161818	144.835934	0.010226	2.4
1062	-0.969810	144.761199	0.007307	2.4
1063	-0.916613	144.686567	0.006977	2.3
1064	-1.089703	144.612037	0.034577	2.4
1065	-0.043479	144.537610	0.002734	2.3
1066	-1.123349	144.463285	0.010919	2.3
1067	-0.511153	144.389062	0.007271	2.3
1068	-0.703259	144.314940	0.010143	2.3
1069	-0.838861	144.240920	0.005789	2.3
1070	-0.524662	144.167001	0.005390	2.3
1071	-0.870655	144.093182	0.011215	2.4
1072	-0.787431	144.019465	0.007201	2.4
1073	-0.632504	143.945848	0.004303	2.4
1074	-1.070976	143.872331	0.017678	2.4
1075	-0.646788	143.798914	0.013632	2.4
1076	-0.387289	143.725597	0.005451	2.4
1077	-1.068984	143.652380	0.010976	2.4
1078	-0.703712	143.579262	0.016210	2.5
1079	-0.990608	143.506243	0.017338	2.4
1080	-0.619874	143.433323	0.007174	2.4
1081	-0.958410	143.360502	0.027254	2.4
1082	-0.895169	143.287780	0.017167	2.4
1083	-0.939710	143.215155	0.012942	2.4
1084	-0.678638	143.142629	0.007048	2.4
1085	-0.805096	143.070201	0.010388	2.6
1086	-1.101565	142.997870	0.022334	2.5
1087	-1.034481	142.925637	0.045825	2.4
1088	-0.357165	142.853501	0.003357	2.4
1089	-0.771136	142.781462	0.017966	2.3
1090	-0.368695	142.709519	0.003120	2.3
1091	-1.093373	142.637674	0.020285	2.3
1092	-0.553461	142.565924	0.004823	2.3
1093	-0.820698	142.494271	0.014649	2.3
1094	-1.025578	142.422714	0.053598	2.4
1095	-0.583387	142.351252	0.007732	2.4
1096	-1.047718	142.279886	0.015571	2.4
1097	-1.160985	142.208616	0.013877	2.5
1098	-0.904227	142.137440	0.011245	2.4
1099	-0.299040	142.066360	0.003669	2.4
1100	-0.769503	141.995374	0.027363	2.4
1101	-0.995618	141.924483	0.016432	2.3
1102	-0.556128	141.853685	0.007056	2.4
1103	-0.705150	141.782983	0.014325	2.3
1104	-1.084104	141.712373	0.011087	2.4
1105	-1.148668	141.641858	0.025471	2.4
1106	-1.128338	141.571436	0.039634	2.4
1107	-0.975746	141.501108	0.009071	2.4
1108	-0.909288	141.430872	0.005033	2.4
1109	-0.427400	141.360730	0.003102	2.4
1110	-1.125014	141.290680	0.024992	2.4
1111	-1.069581	141.220722	0.010303	2.3
1112	-1.139449	141.150857	0.014678	2.3
1113	-1.052266	141.081084	0.031068	2.3
1114	-0.514449	141.011403	0.004826	2.4
1115	-0.523617	140.941813	0.006993	2.4
1116	-0.437774	140.872315	0.011259	2.4
1117	-0.517889	140.802909	0.004717	2.4
1118	-0.514679	140.733593	0.015788	2.4
1119	-1.033019	140.664369	0.011406	2.4
1120	-0.635035	140.595235	0.004982	2.5
1121	-0.881923	140.526192	0.011000	2.4
1122	-0.960798	140.457239	0.042736	2.4
1123	-0.622829	140.388376	0.007121	2.4
1124	-0.503932	140.319603	0.003166	2.4
1125	-0.857848	140.250920	0.009155	2.3
1126	-1.053504	140.182326	0.028784	2.4
1127	-0.777235	140.113822	0.032776	2.5
1128	-1.085421	140.045407	0.031898	2.4
1129	-1.125012	139.977081	0.009650	2.3
1130	-0.576248	139.908844	0.009293	2.3
1131	-0.955915	139.840696	0.038494	3.9
1132	-0.673717	139.772635	0.006052	3.2
1133	-0.000676	139.704664	0.000022	2.9
1134	-0.856643	139.636780	0.006894	3.0
1135	-0.391312	139.568984	0.003427	2.9
1136	-1.072118	139.501276	0.014524	2.8
1137	-0.621845	139.433655	0.007534	2.6
1138	-1.177717	139.366122	0.037315	2.5
1139	-0.645010	139.298676	0.029646	2.5
1140	-0.551202	139.231317	0.003236	2.4
1141	-0.409070	139.164045	0.002580	2.3
1142	-0.951065	139.096859	0.008924	2.3
1143	-0.787031	139.029760	0.013561	2.4
1144	-1.058434	138.962747	0.027545	2.5
1145	-0.354336	138.895820	0.003927	2.5
1146	-1.074554	138.828978	0.045599	2.4
1147	-1.029184	138.762223	0.024425	2.4
1148	-0.738184	138.695553	0.006784	2.4
1149	-0.637879	138.628969	0.006906	2.3
1150	-0.832406	138.562469	0.016410	2.3
1151	-0.969824	138.496055	0.015823	2.3
1152	-1.008539	138.429725	0.021541	2.4
1153	-1.025525	138.363481	0.012195	2.4
1154	-0.755595	138.297320	0.007083	2.3
1155	-0.933812	138.231244	0.010383	2.4
1156	-0.831093	138.165252	0.009263	2.3
1157	-0.433692	138.099344	0.004289	2.3
1158	-0.767176	138.033520	0.008456	2.4
1159	-1.028119	137.967779	0.016822	2.4
1160	-1.066477	137.902122	0.040966	2.4
1161	-0.548952	137.836548	0.005492	2.4
1162	-0.799669	137.771057	0.007339	2.3
1163	-0.541986	137.705649	0.006796	2.4
1164	-0.466958	137.640324	0.004037	2.4
1165	-0.331403	137.575081	0.003535	2.3
1166	-0.702691	137.509921	0.013941	2.4
1167	-0.991834	137.444842	0.013139	2.6
1168	-0.365228	137.379846	0.004034	2.4
1169	-0.664383	137.314932	0.005636	2.4
1170	-0.575362	137.250100	0.006840	2.4
1171	-0.809531	137.185349	0.006297	2.3
1172	-0.485696	137.120680	0.006803	2.4
1173	-1.024787	137.056092	0.011644	2.4
1174	-1.038361	136.991585	0.017528	2.5
1175	-0.643499	136.927158	0.005449	2.4
1176	-1.113577	136.862813	0.017791	2.3
1177	-0.600300	136.798548	0.006753	2.3
1178	-0.969089	136.734363	0.021223	2.4
1179	-0.484970	136.670259	0.005188	2.3
1180	-0.886777	136.606235	0.023950	2.4
1181	-0.456739	136.542291	0.004286	2.3
1182	-0.502016	136.478426	0.003476	2.4
1183	-0.391712	136.414641	0.006681	2.3
1184	-0.704791	136.350936	0.008879	2.3
1185	-0.745748	136.287310	0.008820	2.3
1186	-0.935426	136.223763	0.019292	2.3
1187	-0.661618	136.160295	0.006797	2.5
1188	-0.562865	136.096905	0.009982	2.4
1189	-0.894089	136.033594	0.008041	2.3
1190	-0.486006	135.970362	0.004509	2.3
1191	-0.953419	135.907208	0.008777	2.3
1192	-1.055986	135.844133	0.014369	2.3
1193	-0.596145	135.781135	0.007697	2.3
1194	-0.724127	135.718215	0.016044	2.4
1195	-1.032206	135.655373	0.009401	2.4
1196	-1.112617	135.592608	0.010170	2.4
1197	-0.880846	135.529921	0.009850	2.4
1198	-1.067915	135.467311	0.034703	2.4
1199	-0.412736	135.404778	0.003682	2.4
1200	-0.770852	135.342322	0.005756	2.6
1201	-1.055470	135.279942	0.022373	2.4
1202	-0.972745	135.217640	0.013522	2.4
1203	-0.391605	135.155413	0.003248	2.4
1204	-0.760324	135.093263	0.025603	2.3
1205	-0.855962	135.031190	0.021647	2.3
1206	-0.784045	134.969192	0.007379	2.3
1207	-1.122656	134.907270	0.014066	2.3
1208	-1.044295	134.845424	0.008356	2.5
1209	-0.863606	134.783653	0.011143	2.4
1210	-0.077181	134.721958	0.004017	2.4
1211	-0.481993	134.660338	0.005437	2.4
1212	-0.769484	134.598793	0.008038	3.1
1213	-1.059874	134.537323	0.049618	3.2
1214	-1.012508	134.475927	0.010303	2.7
1215	-0.563872	134.414607	0.017816	2.8
1216	-0.725415	134.353361	0.007228	3.0
1217	-0.842595	134.292189	0.032063	2.6
1218	-0.778295	134.231092	0.026810	2.4
1219	-0.725102	134.170068	0.008617	2.4
1220	-0.597819	134.109119	0.013415	2.4
1221	-0.718251	134.048243	0.007073	2.4
1222	-0.482344	133.987441	0.005167	2.4
1223	-0.685258	133.926713	0.005780	2.3
1224	-0.809804	133.866057	0.015430	2.3
1225	-0.737334	133.805475	0.006440	2.3
1226	-0.540648	133.744966	0.006484	2.3
1227	-0.691777	133.684530	0.008026	2.3
1228	-0.653699	133.624167	0.007076	2.5
1229	-0.979690	133.563877	0.013482	2.5
1230	-0.660540	133.503658	0.006306	2.4
1231	-0.766365	133.443513	0.006034	2.3
1232	-1.058314	133.383439	0.013520	2.3
1233	-1.136996	133.323437	0.012005	2.3
1234	-0.583328	133.263508	0.003084	2.4
1235	-0.631624	133.203650	0.007401	2.5
1236	-0.621969	133.143864	0.013459	2.3
1237	-0.314956	133.084149	0.003158	2.3
1238	-0.527038	133.024506	0.023850	2.3
1239	-0.746168	132.964934	0.005686	2.4
1240	-0.980217	132.905433	0.035642	2.4
1241	-0.767942	132.846003	0.006057	2.4
1242	-0.422844	132.786643	0.015769	2.4
1243	-0.264036	132.727355	0.008921	2.3
1244	-0.731258	132.668137	0.011462	2.4
1245	-0.433972	132.608989	0.009204	2.3
1246	-0.829748	132.549912	0.013011	2.4
1247	-0.741101	132.490904	0.007422	2.3
1248	-0.635891	132.431967	0.017895	2.5
1249	-1.056115	132.373100	0.018668	2.6
1250	-1.113707	132.314302	0.014652	2.4
1251	-0.497573	132.255574	0.004437	2.4
1252	-0.850933	132.196916	0.009040	2.4
1253	-0.924334	132.138326	0.012174	2.4
1254	-1.189606	132.079806	0.032807	2.3
1255	-0.737785	132.021355	0.010528	2.4
1256	-1.036819	131.962973	0.030363	2.4
1257	-0.760320	131.904660	0.006189	2.4
1258	-0.557716	131.846415	0.004741	2.3
1259	-0.764251	131.788239	0.011719	2.3
1260	-0.935050	131.730131	0.010639	2.3
1261	-0.749538	131.672092	0.038297	2.4
1262	-0.932044	131.614121	0.035371	2.4
1263	-0.568778	131.556217	0.003852	2.4
1264	-1.071275	131.498382	0.047785	2.3
1265	-0.477621	131.440614	0.004257	2.3
1266	-0.820423	131.382914	0.015977	2.3
1267	-0.834181	131.325282	0.006069	2.3
1268	-1.065315	131.267717	0.042510	2.3
1269	-0.800465	131.210219	0.014917	2.4
1270	-0.397066	131.152788	0.002535	2.4
1271	-0.922001	131.095424	0.016667	2.4
1272	-1.169058	131.038127	0.036902	2.3
1273	-1.065752	130.980897	0.021903	2.4
1274	-0.743687	130.923733	0.006713	2.4
1275	-1.157419	130.866636	0.032358	2.5
1276	-0.327812	130.809605	0.015016	2.5
1277	-0.497603	130.752641	0.005770	2.4
1278	-0.971948	130.695742	0.009466	2.4
1279	-0.637618	130.638910	0.007278	2.4
1280	-0.349172	130.582143	0.002827	2.3
1281	-1.155792	130.525442	0.009400	2.4
1282	-1.148651	130.468807	0.026743	2.4
1283	-0.558501	130.412237	0.013425	2.4
1284	-0.474950	130.355733	0.006177	2.4
1285	-0.684770	130.299294	0.010338	2.3
1286	-0.966219	130.242920	0.016397	2.4
1287	-0.659076	130.186611	0.007546	2.4
1288	-0.400921	130.130366	0.002605	2.4
1289	-1.080624	130.074187	0.018110	2.3
1290	-1.094374	130.018072	0.007198	2.6
1291	-0.798250	129.962022	0.008490	2.6
1292	-0.431749	129.906036	0.006503	2.4
1293	-0.374120	129.850114	0.005312	2.4
1294	-0.471770	129.794257	0.008942	2.4
1295	-0.985181	129.738463	0.021673	3.1
1296	-0.807997	129.682734	0.008185	2.8
1297	-0.468735	129.627068	0.004056	2.6
1298	-0.502652	129.571466	0.003866	2.7
1299	-0.699799	129.515927	0.008495	3.7
1300	-0.771835	129.460452	0.005776	2.7
1301	-0.596740	129.405040	0.007089	2.5
1302	-0.998286	129.349692	0.008886	2.5
1303	-1.221100	129.294406	0.021579	2.4
1304	-0.763200	129.239183	0.008383	2.4
1305	-0.880983	129.184024	0.006941	2.4
1306	-0.889125	129.128927	0.028263	2.4
1307	-0.420247	129.073892	0.006708	2.3
1308	-0.909084	129.018921	0.010085	2.3
1309	-0.831971	128.964011	0.014011	2.4
1310	-1.097055	128.909164	0.010365	2.4
1311	-0.854780	128.854379	0.010911	2.4
1312	-0.725477	128.799656	0.008299	2.4
1313	-0.542421	128.744995	0.004500	2.4
1314	-1.099904	128.690396	0.013575	2.3
1315	-1.015694	128.635858	0.011311	2.4
1316	-0.667449	128.581382	0.008735	2.5
1317	-0.337512	128.526968	0.002252	2.5
1318	-0.966534	128.472615	0.016741	2.4
1319	-0.747614	128.418323	0.020458	2.4
1320	-0.363218	128.364092	0.006710	2.3
1321	-0.760085	128.309922	0.007114	2.3
1322	-0.702697	128.255814	0.010076	2.3
1323	-0.065767	128.201766	0.001395	2.5
1324	-1.128962	128.147778	0.040773	2.4
1325	-0.936620	128.093852	0.019406	2.3
1326	-0.832015	128.039985	0.012469	2.3
1327	-0.648827	127.986180	0.008401	2.3
1328	-0.461188	127.932434	0.006193	2.3
1329	-0.644679	127.878749	0.027351	2.4
1330	-0.605542	127.825123	0.007426	2.6
1331	-0.748414	127.771558	0.025416	2.4
1332	-0.901764	127.718052	0.016025	2.4
1333	-0.663436	127.664606	0.029764	2.4
1334	-1.037533	127.611220	0.014608	2.4
1335	-0.751636	127.557893	0.007700	2.3
1336	-0.909304	127.504625	0.043264	2.4
1337	-0.995436	127.451417	0.008245	2.4
1338	-0.903162	127.398268	0.010603	2.4
1339	-0.889692	127.345178	0.010194	2.4
1340	-0.075312	127.292147	0.001842	2.3
1341	-0.907045	127.239175	0.006813	2.3
1342	-0.366496	127.186261	0.003227	2.3
1343	-0.722679	127.133407	0.008229	2.4
1344	-0.889907	127.080610	0.006466	2.4
1345	-0.665690	127.027872	0.006407	2.3
1346	-0.917157	126.975193	0.012330	2.3
1347	-0.526326	126.922572	0.008283	2.2
1348	-1.050335	126.870008	0.033265	2.3
1349	-0.926060	126.817503	0.048262	2.4
1350	-0.723160	126.765056	0.011434	2.4
1351	-0.565295	126.712667	0.027042	2.4
1352	-0.712556	126.660335	0.031460	2.4
1353	-0.649723	126.608061	0.008801	2.4
1354	-0.986029	126.555844	0.035970	2.4
1355	-0.567490	126.503685	0.006346	2.4
1356	-0.376886	126.451583	0.002753	2.4
1357	-1.156723	126.399538	0.052589	2.4
1358	-0.481564	126.347550	0.021733	2.4
1359	-0.728740	126.295619	0.007541	2.5
1360	-0.764658	126.243745	0.007191	2.4
1361	-0.805011	126.191928	0.008711	2.4
1362	-0.651473	126.140168	0.014806	2.3
1363	-0.762196	126.088464	0.004535	2.4
1364	-0.755865	126.036817	0.011900	3.9
1365	-0.506979	125.985226	0.005266	2.8
1366	-0.597555	125.933691	0.005927	2.5
1367	-0.841213	125.882212	0.007703	2.4
1368	-1.037189	125.830790	0.051951	2.4
1369	-0.816314	125.779423	0.022705	2.3
1370	-0.504449	125.728113	0.004423	2.9
1371	-0.408169	125.676858	0.003095	3.1
1372	-1.230768	125.625659	0.012861	2.7
1373	-0.322118	125.574515	0.010835	2.5
1374	-0.686112	125.523427	0.006927	2.4
1375	-1.168096	125.472394	0.034543	2.3
1376	-0.257700	125.421417	0.003393	2.6
1377	-0.849479	125.370495	0.006138	3.1
1378	-0.766932	125.319628	0.008928	2.8
1379	-0.587594	125.268815	0.003981	2.7
1380	-0.941802	125.218058	0.009989	3.3
1381	-1.192892	125.167356	0.010138	2.5
1382	-0.976425	125.116708	0.016429	3.0
1383	-1.103892	125.066115	0.012487	2.5
1384	-0.748740	125.015576	0.005593	2.5
1385	-0.796383	124.965092	0.043136	2.6
1386	-0.591975	124.914662	0.006877	2.5
1387	-0.553961	124.864287	0.003496	2.4
1388	-0.377838	124.813965	0.003166	2.4
1389	-0.230883	124.763698	0.010156	2.4
1390	-0.771848	124.713485	0.009696	2.4
1391	-0.359115	124.663325	0.003146	2.4
1392	-1.103418	124.613219	0.013115	2.3
1393	-0.674651	124.563167	0.006656	2.3
1394	-0.625043	124.513168	0.006920	2.3
1395	-1.124304	124.463223	0.010387	2.3
1396	-0.756704	124.413332	0.008527	2.4
1397	-1.230797	124.363493	0.018252	2.4
1398	-0.757362	124.313708	0.005784	2.3
1399	-1.159495	124.263976	0.042878	2.3
1400	-1.132195	124.214297	0.039692	2.3
1401	-0.341080	124.164671	0.006979	2.3
1402	-0.456719	124.115097	0.003928	2.4
1403	-1.069965	124.065577	0.007945	2.4
1404	-0.982740	124.016109	0.037507	2.4
1405	-1.051673	123.966693	0.020566	2.4
1406	-0.425044	123.917330	0.003460	2.3
1407	-0.589095	123.868020	0.005341	2.3
1408	-0.958660	123.818762	0.006903	2.4
1409	-0.406360	123.769556	0.013625	2.3
1410	-0.565790	123.720402	0.005032	2.5
1411	-0.902697	123.671300	0.010654	2.5
1412	-0.744298	123.622250	0.006990	2.4
1413	-0.846374	123.573252	0.008038	2.4
1414	-0.791969	123.524305	0.025396	2.4
1415	-1.259339	123.475411	0.013399	2.4
1416	-1.019598	123.426568	0.011427	2.4
1417	-0.413650	123.377776	0.006218	2.4
1418	-0.970832	123.329036	0.017521	2.5
1419	-0.572787	123.280347	0.006627	2.4
1420	-0.852868	123.231709	0.008023	2.4
1421	-0.754624	123.183122	0.008984	2.3
1422	-1.132765	123.134587	0.020779	2.4
1423	-0.929040	123.086102	0.018497	2.4
1424	-0.980128	123.037669	0.010103	2.4
1425	-0.415178	122.989286	0.006403	2.4
1426	-0.701998	122.940954	0.006694	2.3
1427	-0.757272	122.892672	0.013794	2.4
1428	-1.184422	122.844441	0.024419	2.3
1429	-0.842039	122.796261	0.007509	2.3
1430	-0.890502	122.748130	0.007591	2.3
1431	-0.874798	122.700050	0.010159	2.4
1432	-0.686025	122.652021	0.025113	2.4
1433	-0.686986	122.604041	0.008467	2.4
1434	-1.000136	122.556111	0.007426	2.3
1435	-0.620352	122.508232	0.008235	2.4
1436	-0.947059	122.460402	0.008334	2.4
1437	-0.734385	122.412622	0.008017	2.4
1438	-0.734247	122.364891	0.011328	2.5
1439	-0.619060	122.317210	0.006134	2.5
1440	-0.556761	122.269579	0.006294	2.4
1441	-0.554952	122.221997	0.008883	2.4
1442	-0.491844	122.174465	0.003701	2.4
1443	-0.576720	122.126981	0.006263	2.4
1444	-0.791980	122.079547	0.007248	2.3
1445	-1.153977	122.032162	0.018328	2.4
1446	-0.765698	121.984826	0.007533	2.4
1447	-0.618180	121.937539	0.003734	2.4
1448	-1.011995	121.890301	0.027114	2.4
1449	-1.176954	121.843112	0.060328	2.4
1450	-0.671567	121.795971	0.005778	2.3
1451	-1.110160	121.748879	0.021563	2.4
1452	-1.050724	121.701835	0.008337	2.6
1453	-0.720664	121.654840	0.033517	2.4
1454	-0.805809	121.607893	0.025439	2.3
1455	-0.746999	121.560994	0.006248	2.3
1456	-0.801319	121.514144	0.009134	2.3
1457	-0.777861	121.467342	0.007731	2.3
1458	-0.594562	121.420588	0.014021	2.4
1459	-0.809601	121.373882	0.020499	2.6
1460	-0.856266	121.327223	0.006928	2.7
1461	-0.844444	121.280613	0.009936	2.6
1462	-0.509529	121.234050	0.005497	2.7
1463	-1.115672	121.187535	0.044482	2.8
1464	-0.041577	121.141067	0.000485	2.6
1465	-1.200003	121.094647	0.017990	2.8
1466	-1.141351	121.048274	0.018727	2.6
1467	-0.606326	121.001949	0.006538	2.5
1468	-0.626528	120.955671	0.006735	2.4
1469	-0.899317	120.909440	0.005401	2.3
1470	-0.657187	120.863256	0.006660	2.4
1471	-0.656666	120.817119	0.007995	2.4
1472	-0.732488	120.771029	0.005464	2.4
1473	-0.841665	120.724986	0.007779	2.4
1474	-0.932850	120.678990	0.008652	2.3
1475	-0.417810	120.633040	0.003790	2.3
1476	-1.114309	120.587137	0.018216	2.3
1477	-0.965288	120.541281	0.014099	2.3
1478	-0.314860	120.495471	0.002674	2.3
1479	-0.826752	120.449707	0.005514	2.3
1480	-1.161899	120.403990	0.051230	2.4
1481	-0.803180	120.358319	0.005829	2.3
1482	-0.576301	120.312694	0.006067	2.3
1483	-1.133669	120.267115	0.031909	2.4
1484	-0.648040	120.221582	0.005747	2.3
1485	-0.950068	120.176096	0.009121	2.4
1486	-0.476798	120.130655	0.006060	2.4
1487	-0.777578	120.085260	0.009235	2.4
1488	-1.063397	120.039910	0.024360	2.3
1489	-0.685468	119.994606	0.021984	2.3
1490	-0.715107	119.949348	0.005071	2.4
1491	-0.874035	119.904135	0.006676	2.4
1492	-0.752435	119.858968	0.027765	2.4
1493	-0.354845	119.813846	0.002418	2.6
1494	-0.806943	119.768769	0.008881	2.4
1495	-1.047320	119.723738	0.059571	2.4
1496	-0.923797	119.678752	0.010105	2.4
1497	-0.503371	119.633810	0.005459	2.4
1498	-0.594062	119.588914	0.004818	2.4
1499	-1.076990	119.544062	0.008945	2.5
1500	-0.358364	119.499256	0.010343	2.4
1501	-0.504269	119.454494	0.004287	2.4
1502	-0.030720	119.409777	0.000553	2.4
1503	-0.969698	119.365104	0.029811	2.4
1504	-0.955804	119.320476	0.005968	2.3
1505	-0.761849	119.275893	0.005677	2.3
1506	-0.991217	119.231353	0.043153	2.4
1507	-0.948106	119.186859	0.006711	2.4
1508	-1.190556	119.142408	0.037201	2.4
1509	-1.091073	119.098002	0.022931	2.4
1510	-0.989287	119.053639	0.011659	2.4
1511	-0.584930	119.009321	0.006866	2.4
1512	-0.943121	118.965047	0.012081	2.3
1513	-0.855040	118.920816	0.039528	2.4
1514	-0.922824	118.876630	0.006477	2.4
1515	-0.482698	118.832487	0.007837	2.4
1516	-1.126226	118.788388	0.029358	2.4
1517	-0.416119	118.744332	0.002992	2.4
1518	-0.107627	118.700320	0.003292	2.4
1519	-1.097633	118.656352	0.041648	2.4
1520	-1.031108	118.612427	0.021567	2.4
1521	-0.481412	118.568545	0.003547	2.4
1522	-0.839350	118.524706	0.008488	2.4
1523	-0.726317	118.480911	0.007273	2.4
1524	-1.100805	118.437159	0.009497	2.3
1525	-0.581529	118.393450	0.011826	2.3
1526	-1.216223	118.349784	0.029563	2.3
1527	-0.938693	118.306160	0.012263	2.4
1528	-0.549382	118.262580	0.003139	2.4
1529	-0.900849	118.219042	0.008137	2.3
1530	-0.735429	118.175548	0.008683	2.3
1531	-0.748600	118.132095	0.007127	2.3
1532	-0.437107	118.088686	0.003242	2.4
1533	-0.611073	118.045319	0.005074	2.4
1534	-0.811641	118.001994	0.006165	2.6
1535	-0.939427	117.958712	0.009061	2.5
1536	-0.960473	117.915472	0.009459	2.5
1537	-0.563940	117.872274	0.013687	2.4
1538	-1.210430	117.829118	0.020634	2.4
1539	-0.873076	117.786005	0.010618	2.4
1540	-0.852603	117.742933	0.004950	2.3
1541	-0.871314	117.699904	0.018015	2.4
1542	-1.070344	117.656916	0.007409	3.1
1543	-0.597252	117.613971	0.004795	2.6
1544	-0.618277	117.571067	0.007663	2.5
1545	-0.519251	117.528205	0.007731	2.6
1546	-1.125146	117.485384	0.013127	2.7
1547	-1.167961	117.442605	0.050525	2.8
1548	-0.693734	117.399867	0.007410	2.9
1549	-0.671778	117.357171	0.007953	2.5
1550	-1.033796	117.314517	0.015539	2.4
1551	-0.817913	117.271903	0.010427	2.4
1552	-0.691659	117.229331	0.006850	2.4
1553	-1.164770	117.186800	0.026450	2.4
1554	-0.845690	117.144311	0.006069	2.4
1555	-0.373876	117.101862	0.004279	2.4
1556	-0.865461	117.059454	0.009455	2.4
1557	-1.005793	117.017087	0.008628	2.4
1558	-0.887650	116.974762	0.016947	2.4
1559	-0.779357	116.932476	0.006999	2.4
1560	-0.973127	116.890232	0.022863	2.4
1561	-1.096615	116.848028	0.049829	2.4
1562	-0.989036	116.805865	0.010679	2.4
1563	-1.038163	116.763743	0.007540	2.4
1564	-0.698751	116.721661	0.005328	2.4
1565	-1.027916	116.679619	0.016955	2.4
1566	-0.679377	116.637618	0.007055	2.3
1567	-0.647047	116.595657	0.004115	2.4
1568	-0.405977	116.553736	0.006283	2.4
1569	-1.082255	116.511855	0.016141	2.3
1570	-0.567644	116.470015	0.007011	2.3
1571	-0.446085	116.428214	0.013166	2.3
1572	-0.767766	116.386454	0.011680	2.3
1573	-0.714034	116.344733	0.006593	2.4
1574	-0.676582	116.303052	0.008541	2.7
1575	-0.592357	116.261412	0.008513	2.5
1576	-1.103722	116.219810	0.039776	2.4
1577	-1.093143	116.178249	0.017821	2.4
1578	-0.998787	116.136727	0.016498	2.3
1579	-0.975269	116.095245	0.034352	2.4
1580	-0.983356	116.053802	0.013733	2.3
1581	-0.131625	116.012398	0.005164	2.4
1582	-0.913623	115.971034	0.048091	2.9
1583	-0.875463	115.929710	0.009227	2.5
1584	-0.515883	115.888424	0.014283	2.4
1585	-0.842024	115.847178	0.006232	2.4
1586	-0.914541	115.805970	0.007644	2.4
1587	-0.927423	115.764802	0.011830	2.4
1588	-0.824094	115.723673	0.006875	2.3
1589	-0.419426	115.682583	0.004170	2.3
1590	-1.176161	115.641532	0.028197	2.3
1591	-0.492826	115.600519	0.011769	2.4
1592	-0.650362	115.559546	0.008553	2.3
1593	-0.547151	115.518610	0.008358	2.3
1594	-0.685761	115.477714	0.004190	2.4
1595	-1.078394	115.436856	0.037384	2.4
1596	-0.569384	115.396037	0.008602	2.4
1597	-0.640737	115.355256	0.007325	2.4
1598	-0.085836	115.314514	0.003639	2.4
1599	-0.722895	115.273810	0.034299	2.5
1600	-1.129036	115.233144	0.041658	2.4
1601	-1.197813	115.192517	0.018475	2.4
1602	-0.640375	115.151927	0.009005	2.4
1603	-0.318033	115.111376	0.011108	2.3
1604	-0.006050	115.070863	0.002166	2.4
1605	-0.931453	115.030388	0.011971	2.4
1606	-1.080360	114.989951	0.014447	2.4
1607	-1.085885	114.949551	0.025720	2.3
1608	-0.380849	114.909190	0.012440	2.3
1609	-0.465316	114.868866	0.009030	2.4
1610	-0.590573	114.828580	0.005288	2.4
1611	-0.559609	114.788332	0.003568	2.4
1612	-0.881852	114.748121	0.011167	2.4
1613	-0.593300	114.707948	0.008028	2.4
1614	-0.631304	114.667812	0.005994	2.4
1615	-0.923838	114.627714	0.031788	2.8
1616	-0.972271	114.587653	0.006627	2.6
1617	-0.460398	114.547629	0.004125	2.4
1618	-0.504336	114.507643	0.004248	2.4
1619	-0.419387	114.467693	0.005515	2.3
1620	-0.970756	114.427781	0.009384	2.3
1621	-1.006650	114.387907	0.006551	2.3
1622	-1.005986	114.348069	0.025001	2.4
1623	-0.978598	114.308268	0.009461	2.6
1624	-0.858300	114.268504	0.008630	4.1
1625	-0.868316	114.228777	0.008493	2.7
1626	-0.975643	114.189086	0.006138	2.7
1627	-0.571010	114.149433	0.005312	2.6
1628	-0.929425	114.109816	0.006768	2.8
1629	-0.794850	114.070235	0.006043	2.6
1630	-0.677292	114.030692	0.004352	2.4
1631	-0.735877	113.991185	0.005222	2.4
1632	-1.140249	113.951714	0.024494	2.4
1633	-0.631939	113.912280	0.006736	2.4
1634	-0.948617	113.872882	0.021814	2.4
1635	-0.628546	113.833521	0.006734	2.4
1636	-0.412862	113.794195	0.003422	2.4
1637	-0.865503	113.754906	0.008072	2.4
1638	-0.588956	113.715653	0.004566	2.4
1639	-0.287418	113.676437	0.024640	2.3
1640	-0.675956	113.637256	0.008375	2.3
1641	-1.179697	113.598111	0.030411	2.4
1642	-1.023329	113.559002	0.034899	2.4
1643	-0.424027	113.519929	0.003249	2.4
1644	-1.093970	113.480892	0.015013	2.4
1645	-1.041563	113.441891	0.027728	2.4
1646	-0.484771	113.402925	0.003007	2.4
1647	-0.601465	113.363995	0.007169	2.4
1648	-0.574467	113.325101	0.006126	2.3
1649	-0.845133	113.286242	0.006330	2.5
1650	-1.029956	113.247419	0.020962	2.4
1651	-0.595059	113.208631	0.007212	2.4
1652	-0.857591	113.169879	0.007244	2.3
1653	-0.834141	113.131162	0.011402	2.3
1654	-0.697139	113.092480	0.008622	2.3
1655	-1.045368	113.053833	0.012086	2.8
1656	-0.719757	113.015222	0.043354	2.5
1657	-0.713630	112.976646	0.007125	2.4
1658	-0.480070	112.938105	0.003382	2.3
1659	-1.167159	112.899599	0.017045	2.4
1660	-0.437989	112.861128	0.007580	2.4
1661	-0.560018	112.822692	0.005470	2.4
1662	-0.962545	112.784291	0.037365	2.4
1663	-0.533882	112.745924	0.006431	2.4
1664	-1.007642	112.707593	0.009858	2.4
1665	-0.810907	112.669296	0.007002	2.4
1666	-1.074209	112.631034	0.007537	2.4
1667	-0.910865	112.592806	0.012158	2.3
1668	-0.855787	112.554613	0.020598	2.4
1669	-1.019195	112.516455	0.010625	2.4
1670	-0.785534	112.478331	0.010271	2.5
1671	-0.617002	112.440241	0.004452	2.4
1672	-0.467744	112.402186	0.005551	2.3
1673	-0.600190	112.364165	0.007136	2.3
1674	-1.112985	112.326179	0.008683	2.3
1675	-1.053714	112.288227	0.035040	2.4
1676	-0.832987	112.250309	0.004811	2.4
1677	-0.803960	112.212425	0.010009	2.4
1678	-1.045665	112.174575	0.014334	2.3
1679	-0.513177	112.136759	0.010352	2.4
1680	-0.761564	112.098977	0.034023	2.4
1681	-0.754534	112.061229	0.029597	2.4
1682	-1.059352	112.023515	0.020630	2.3
1683	-0.816386	111.985834	0.007999	2.4
1684	-1.017859	111.948188	0.010280	2.4
1685	-0.228749	111.910575	0.009444	2.4
1686	-0.469406	111.872996	0.007934	2.4
1687	-0.619463	111.835450	0.015481	2.3
1688	-0.591536	111.797939	0.006225	2.4
1689	-0.539891	111.760460	0.011291	2.3
1690	-0.400101	111.723015	0.002936	2.4
1691	-0.885118	111.685604	0.011421	2.4
1692	-0.361729	111.648226	0.005021	2.3
1693	-0.709912	111.610881	0.006985	2.3
1694	-0.901649	111.573570	0.006859	2.3
1695	-1.030119	111.536292	0.013416	2.4
1696	-0.488290	111.499047	0.008459	2.4
1697	-0.509218	111.461835	0.008091	2.6
1698	-0.594384	111.424656	0.005856	2.5
1699	-0.682594	111.387510	0.009358	2.4
1700	-0.727965	111.350398	0.005948	2.3
1701	-0.793985	111.313318	0.007936	2.4
1702	-0.709087	111.276271	0.007966	2.4
1703	-1.112203	111.239257	0.037670	2.3
1704	-0.406003	111.202276	0.002434	2.4
1705	-1.054215	111.165328	0.008971	2.4
1706	-0.892972	111.128412	0.030520	2.6
1707	-0.843449	111.091529	0.008378	2.6
1708	-0.826709	111.054679	0.007329	2.6
1709	-0.936365	111.017861	0.007360	2.8
1710	-0.275972	110.981076	0.006448	2.9
1711	-0.795697	110.944323	0.011591	2.9
1712	-0.514338	110.907603	0.007851	2.5
1713	-1.095137	110.870915	0.009177	2.4
1714	-0.639615	110.834259	0.008470	2.3
1715	-0.932378	110.797636	0.010903	2.3
1716	-1.131782	110.761045	0.022205	2.3
1717	-0.890752	110.724486	0.023414	2.4
1718	-0.855968	110.687959	0.008211	2.4
1719	-0.895662	110.651465	0.009263	2.3
1720	-0.039017	110.615002	0.002243	2.3
1721	-0.991610	110.578572	0.006831	2.3
1722	-0.897025	110.542173	0.008959	2.3
1723	-0.820935	110.505807	0.018420	2.3
1724	-1.077758	110.469472	0.019534	2.4
1725	-0.939119	110.433169	0.033671	2.5
1726	-0.740584	110.396898	0.005383	2.4
1727	-0.936162	110.360659	0.039274	2.3
1728	-0.751097	110.324451	0.007614	2.3
1729	-1.155505	110.288276	0.040111	2.3
1730	-0.727389	110.252131	0.008696	2.3
1731	-0.483431	110.216019	0.023421	2.4
1732	-0.453904	110.179937	0.003705	2.5
1733	-0.877680	110.143888	0.006569	2.4
1734	-1.056893	110.107869	0.019561	2.4
1735	-0.669750	110.071882	0.019895	2.4
1736	-0.528000	110.035927	0.006529	2.4
1737	-1.057003	110.000003	0.026081	2.4
1738	-0.980461	109.964110	0.038891	2.5
1739	-0.707772	109.928248	0.006079	2.5
1740	-0.458302	109.892417	0.016944	2.4
1741	-1.162094	109.856618	0.031066	2.3
1742	-0.857777	109.820850	0.007892	2.3
1743	-0.174681	109.785112	0.001758	2.3
1744	-0.670779	109.749406	0.014087	2.4
1745	-0.451317	109.713730	0.008032	2.4
1746	-0.135556	109.678086	0.007790	2.4
1747	-1.092533	109.642472	0.016234	2.4
1748	-0.956285	109.606890	0.006199	2.3
1749	-1.117341	109.571337	0.012751	2.3
1750	-0.929267	109.535816	0.030981	2.4
1751	-0.570643	109.500326	0.008302	2.4
1752	-0.744835	109.464866	0.007403	2.4
1753	-0.731699	109.429436	0.005776	2.4
1754	-0.686372	109.394038	0.005267	2.4
1755	-0.467666	109.358669	0.005063	2.3
1756	-0.797936	109.323331	0.022750	2.4
1757	-0.694798	109.288024	0.006107	2.3
1758	-0.754795	109.252747	0.005219	2.3
1759	-1.137276	109.217501	0.011942	2.4
1760	-1.001675	109.182284	0.013625	2.4
1761	-0.635579	109.147098	0.005996	2.4
1762	-0.052218	109.111942	0.001727	2.4
1763	-0.763718	109.076817	0.006765	2.4
1764	-0.910465	109.041721	0.010974	2.4
1765	-0.606033	109.006656	0.004715	2.4
1766	-0.816282	108.971620	0.007164	2.5
1767	-0.825485	108.936615	0.005728	2.4
1768	-0.475019	108.901640	0.005711	2.4
1769	-0.708576	108.866694	0.022546	2.3
1770	-0.604192	108.831779	0.006163	2.3
1771	-0.429670	108.796893	0.003581	2.3
1772	-1.114167	108.762037	0.006712	2.3
1773	-0.648741	108.727211	0.007714	2.3
1774	-0.717169	108.692415	0.006374	2.3
1775	-0.640567	108.657648	0.003372	2.4
1776	-1.039968	108.622911	0.014978	2.4
1777	-0.703938	108.588203	0.008887	2.4
1778	-0.743365	108.553525	0.006424	2.4
1779	-0.781403	108.518877	0.006443	2.7
1780	-0.883837	108.484258	0.006034	2.5
1781	-0.730091	108.449668	0.008893	2.4
1782	-0.469763	108.415108	0.004306	2.4
1783	-0.524834	108.380578	0.004839	2.3
1784	-0.733218	108.346076	0.008791	2.4
1785	-1.201141	108.311604	0.028547	2.4
1786	-0.613402	108.277161	0.005546	2.5
1787	-0.664564	108.242747	0.009150	2.4
1788	-0.747195	108.208363	0.008039	2.6
1789	-1.050001	108.174007	0.009222	2.9
1790	-0.876865	108.139681	0.006801	2.6
1791	-1.086696	108.105383	0.028095	2.6
1792	-0.550477	108.071115	0.012101	2.7
1793	-0.875169	108.036875	0.008449	2.9
1794	-0.175697	108.002665	0.004416	2.7
1795	-0.959392	107.968483	0.007217	2.4
1796	-0.515537	107.934330	0.004878	2.3
1797	-0.560871	107.900206	0.009877	2.3
1798	-1.062553	107.866111	0.017919	2.4
1799	-1.091200	107.832044	0.024972	2.4
1800	-0.539804	107.798007	0.003149	2.4
1801	-0.995397	107.763997	0.012086	2.4
1802	-1.078574	107.730017	0.012653	2.3
1803	-1.166499	107.696065	0.040644	2.4
1804	-0.877486	107.662141	0.008534	2.4
1805	-0.417257	107.628246	0.003480	2.3
1806	-1.088388	107.594379	0.014921	2.4
1807	-0.989805	107.560541	0.006520	2.4
1808	-0.897128	107.526731	0.006155	2.4
1809	-0.329604	107.492949	0.009653	2.4
1810	-1.132995	107.459196	0.029569	2.4
1811	-1.122346	107.425471	0.022542	2.3
1812	-0.629527	107.391774	0.006932	2.3
1813	-0.772403	107.358106	0.007676	2.4
1814	-0.700684	107.324465	0.006883	2.5
1815	-0.636530	107.290853	0.004234	2.4
1816	-0.591432	107.257268	0.005630	2.4
1817	-0.702617	107.223712	0.005735	2.3
1818	-0.696736	107.190184	0.006102	2.4
1819	-0.723861	107.156683	0.009737	2.4
1820	-0.654241	107.123211	0.005805	2.6
1821	-1.066773	107.089766	0.017451	2.5
1822	-1.146867	107.056349	0.026066	2.5
1823	-0.535809	107.022960	0.007012	2.4
1824	-0.870660	106.989599	0.029764	2.4
1825	-0.638389	106.956265	0.006500	2.3
1826	-0.439803	106.922960	0.005090	2.3
1827	-1.005509	106.889681	0.013036	2.4
1828	-1.041607	106.856431	0.006342	2.4
1829	-0.755454	106.823208	0.006259	2.4
1830	-0.371724	106.790012	0.003869	2.3
1831	-0.322649	106.756844	0.002847	2.3
1832	-0.530666	106.723703	0.006216	2.3
1833	-0.809937	106.690590	0.006918	2.4
1834	-0.718759	106.657505	0.007646	2.3
1835	-0.912775	106.624446	0.024346	2.3
1836	-1.064092	106.591415	0.006721	2.3
1837	-0.508376	106.558411	0.003143	2.3
1838	-0.418263	106.525435	0.004965	2.4
1839	-0.596601	106.492485	0.007491	2.4
1840	-1.038937	106.459563	0.009112	2.3
1841	-0.701900	106.426668	0.010125	2.4
1842	-0.445809	106.393800	0.004296	2.4
1843	-1.002354	106.360959	0.013886	2.4
1844	-0.781373	106.328145	0.006291	2.4
1845	-0.606064	106.295358	0.003742	2.3
1846	-1.027790	106.262598	0.015927	2.3
1847	-0.547300	106.229865	0.004276	2.3
1848	-1.125765	106.197158	0.049620	2.4
1849	-0.698386	106.164479	0.007172	2.4
1850	-0.664685	106.131826	0.008119	2.4
1851	-0.876261	106.099201	0.022406	2.3
1852	-0.616477	106.066602	0.008565	2.3
1853	-1.071497	106.034029	0.032529	2.4
1854	-0.566636	106.001483	0.010920	2.4
1855	-0.881613	105.968964	0.004609	2.4
1856	-0.951616	105.936472	0.019677	2.4
1857	-0.483398	105.904006	0.004638	2.4
1858	-0.947657	105.871566	0.048723	2.4
1859	-0.601793	105.839153	0.005295	2.4
1860	-0.796997	105.806767	0.006667	2.4
1861	-0.437257	105.774407	0.007663	2.4
1862	-0.925070	105.742073	0.007316	2.8
1863	-1.190554	105.709766	0.028772	2.4
1864	-0.472421	105.677485	0.003943	2.3
1865	-0.773996	105.645230	0.006316	2.3
1866	-1.222391	105.613001	0.021513	2.4
1867	-0.754026	105.580799	0.007408	2.5
1868	-0.646751	105.548623	0.005227	2.4
1869	-0.530450	105.516473	0.004596	2.3
1870	-0.459371	105.484349	0.004819	2.4
1871	-0.688728	105.452251	0.008345	3.1
1872	-0.559606	105.420179	0.019527	2.8
1873	-0.558425	105.388133	0.011471	2.6
1874	-1.091745	105.356113	0.028977	2.7
1875	-0.642059	105.324119	0.006673	3.1
1876	-0.855892	105.292151	0.008065	2.7
1877	-0.901451	105.260209	0.007702	2.5
1878	-0.328911	105.228293	0.006575	2.4
1879	-0.545517	105.196402	0.008302	2.4
1880	-0.787202	105.164537	0.006718	2.4
1881	-0.751538	105.132698	0.006753	2.4
1882	-1.148900	105.100885	0.008458	2.4
1883	-0.855185	105.069097	0.005765	2.4
1884	-0.459362	105.037335	0.004515	2.4
1885	-0.748161	105.005598	0.007288	2.4
1886	-0.758440	104.973887	0.006996	2.3
1887	-0.060217	104.942202	0.001938	2.4
1888	-0.904353	104.910542	0.012212	2.5
1889	-0.896816	104.878907	0.020934	2.4
1890	-1.041826	104.847298	0.005490	2.4
1891	-0.642485	104.815715	0.021697	2.5
1892	-0.347869	104.784156	0.006045	2.3
1893	-0.855773	104.752623	0.005772	2.3
1894	-0.409945	104.721116	0.004025	2.4
1895	-1.143581	104.689633	0.021758	2.4
1896	-0.992713	104.658176	0.020142	2.4
1897	-1.059642	104.626744	0.029970	2.3
1898	-0.893200	104.595337	0.006062	2.3
1899	-1.013269	104.563955	0.009908	2.4
1900	-0.557772	104.532599	0.005923	2.3
1901	-1.139725	104.501267	0.053004	2.3
1902	-0.419338	104.469960	0.005954	2.5
1903	-0.225232	104.438679	0.004636	2.6
1904	-1.119429	104.407422	0.007070	2.5
1905	-0.913269	104.376191	0.008389	2.4
1906	-0.011425	104.344984	0.001300	2.4
1907	-0.986499	104.313802	0.023766	2.4
1908	-1.131303	104.282645	0.035863	2.3
1909	-1.013244	104.251513	0.008038	2.4
1910	-0.998120	104.220405	0.009642	2.4
1911	-1.147104	104.189323	0.049996	2.3
1912	-1.086974	104.158265	0.006394	2.3
1913	-1.203994	104.127231	0.044312	2.3
1914	-1.081208	104.096222	0.024581	2.3
1915	-0.426448	104.065238	0.004593	2.3
1916	-0.496329	104.034279	0.008207	2.4
1917	-0.898642	104.003344	0.005832	2.3
1918	-0.732342	103.972433	0.005778	2.3
1919	-0.418608	103.941547	0.008005	2.3
1920	-0.445174	103.910686	0.003599	2.3
1921	-1.122761	103.879849	0.006154	2.3
1922	-0.359838	103.849036	0.005167	2.3
1923	-0.556230	103.818248	0.006750	2.4
1924	-0.657571	103.787484	0.007539	2.3
1925	-0.692273	103.756744	0.006928	2.3
1926	-0.875136	103.726029	0.011277	2.3
1927	-0.902597	103.695338	0.028751	2.3
1928	-0.809829	103.664671	0.020130	2.3
1929	-0.656358	103.634028	0.009686	2.3
1930	-1.196518	103.603409	0.018298	2.4
1931	-0.950725	103.572814	0.007205	2.4
1932	-0.897706	103.542244	0.012579	2.4
1933	-0.864384	103.511698	0.006598	2.4
1934	-0.971811	103.481175	0.008900	2.4
1935	-0.980187	103.450677	0.019864	2.3
1936	-0.696277	103.420202	0.008049	2.3
1937	-1.192244	103.389752	0.029324	2.4
1938	-0.830300	103.359325	0.014557	2.5
1939	-0.757264	103.328922	0.006829	2.4
1940	-0.705653	103.298543	0.004885	2.3
1941	-0.971390	103.268188	0.012143	2.4
1942	-1.014728	103.237857	0.009031	2.4
1943	-0.771422	103.207549	0.006243	2.4
1944	-0.000094	103.177265	0.000005	2.6
1945	-0.675099	103.147005	0.006750	2.4
1946	-0.563333	103.116768	0.029303	2.4
1947	-0.800283	103.086556	0.006765	2.4
1948	-0.691419	103.056366	0.015295	2.4
1949	-0.782654	103.026200	0.007376	2.3
1950	-0.442146	102.996058	0.005423	2.4
1951	-1.018442	102.965939	0.038694	2.4
1952	-0.966691	102.935844	0.006671	2.4
1953	-1.011691	102.905772	0.027159	2.4
1954	-0.727393	102.875724	0.007243	2.3
1955	-0.938320	102.845699	0.026769	2.7
1956	-0.853959	102.815697	0.010694	2.7
1957	-1.065751	102.785719	0.010233	2.8
1958	-0.906893	102.755764	0.011101	2.7
1959	-0.503083	102.725832	0.008476	2.9
1960	-0.419697	102.695924	0.003303	2.6
1961	-0.904765	102.666038	0.032892	2.5
1962	-0.541638	102.636176	0.005070	2.4
1963	-1.134043	102.606337	0.017959	2.4
1964	-0.420621	102.576521	0.003127	2.4
1965	-1.049148	102.546728	0.017526	2.4
1966	-0.595642	102.516959	0.006182	2.4
1967	-0.881433	102.487212	0.007755	2.4
1968	-1.175009	102.457488	0.024940	2.3
1969	-1.160489	102.427788	0.014631	2.3
1970	-0.643059	102.398110	0.005207	2.3
1971	-0.543669	102.368455	0.003728	2.4
1972	-0.477716	102.338823	0.004805	2.4
1973	-0.463156	102.309214	0.003411	2.4
1974	-1.126920	102.279628	0.005113	2.4
1975	-0.602237	102.250064	0.006042	2.3
1976	-0.418704	102.220524	0.003937	2.4
1977	-0.613481	102.191006	0.005570	2.3
1978	-0.680974	102.161511	0.006101	2.3
1979	-0.578623	102.132038	0.004587	2.4
1980	-0.457025	102.102588	0.006058	2.4
1981	-0.853114	102.073161	0.010324	2.4
1982	-1.006620	102.043757	0.008908	2.3
1983	-0.752395	102.014375	0.008232	2.3
1984	-0.888389	101.985015	0.007987	2.3
1985	-0.504829	101.955678	0.004866	2.5
1986	-0.689507	101.926364	0.006666	2.4
1987	-0.072158	101.897072	0.003843	2.3
1988	-0.723972	101.867802	0.008656	2.3
1989	-0.082805	101.838555	0.001472	2.3
1990	-0.753379	101.809330	0.016333	2.3
1991	-0.788728	101.780128	0.007944	2.3
1992	-0.818377	101.750948	0.020979	2.4
1993	-0.757658	101.721790	0.011379	2.7
1994	-0.344928	101.692654	0.002771	2.5
1995	-0.049263	101.663541	0.002178	2.4
1996	-0.605338	101.634450	0.007579	2.4
1997	-0.594069	101.605381	0.005406	2.3
1998	-0.466330	101.576335	0.005301	2.3
1999	-0.665067	101.547310	0.007348	2.4
