1:ItNr	2:Metric	3:StepSize	4:||Gradient||	Time[ms]
0	-0.986539	627.201626	0.020050	1255.0
1	-0.998589	623.504937	0.011443	16.7
2	-1.122559	619.865785	0.016259	16.5
3	-0.774840	616.282728	0.009414	16.6
4	-0.351198	612.754375	0.005221	16.0
5	-0.875020	609.279381	0.012667	16.2
6	-0.741289	605.856447	0.007010	16.1
7	-0.944777	602.484317	0.009261	16.9
8	-1.080421	599.161779	0.013560	17.1
9	-0.493436	595.887656	0.006275	16.3
10	-0.718611	592.660813	0.010266	16.5
11	-0.650039	589.480151	0.008487	16.4
12	-1.078458	586.344606	0.011110	16.8
13	-0.925217	583.253145	0.016488	16.7
14	-0.514720	580.204771	0.008974	17.3
15	-0.386720	577.198517	0.013482	16.2
16	-0.665186	574.233444	0.008220	15.7
17	-0.829135	571.308645	0.019761	15.5
18	-0.934451	568.423237	0.019501	16.1
19	-0.374051	565.576365	0.008560	15.5
20	-1.065467	562.767201	0.017292	15.6
21	-0.696702	559.994938	0.008422	16.3
22	-0.482971	557.258797	0.009501	16.2
23	-0.457690	554.558018	0.006455	17.2
24	-0.544443	551.891865	0.006382	16.2
25	-0.592867	549.259621	0.008041	15.9
26	-0.831727	546.660592	0.009519	16.2
27	-0.857284	544.094102	0.011197	16.4
28	-0.627708	541.559494	0.009746	16.5
29	-0.322356	539.056129	0.006210	16.4
30	-1.025345	536.583387	0.013266	16.3
31	-0.988220	534.140663	0.011718	15.9
32	-0.970311	531.727370	0.017214	15.6
33	-0.010229	529.342935	0.002270	15.5
34	-0.505060	526.986802	0.007159	17.2
35	-1.040396	524.658430	0.018866	16.0
36	-0.765262	522.357290	0.021845	15.5
37	-0.920448	520.082868	0.017802	15.4
38	-0.503441	517.834665	0.010338	15.7
39	-0.894099	515.612193	0.009857	15.6
40	-0.984928	513.414976	0.019943	15.7
41	-0.493662	511.242551	0.006538	15.6
42	-0.629500	509.094468	0.009949	15.6
43	-0.912264	506.970285	0.014167	15.6
44	-0.913348	504.869574	0.012321	15.6
45	-0.732865	502.791916	0.016738	15.6
46	-0.612819	500.736903	0.009522	15.5
47	-1.078588	498.704137	0.021631	15.7
48	-0.608843	496.693228	0.007410	16.0
49	-0.566912	494.703798	0.008778	15.6
50	-1.062916	492.735476	0.018558	15.6
51	-0.524861	490.787900	0.006393	15.6
52	-1.001814	488.860718	0.010289	15.6
53	-0.899323	486.953585	0.011247	15.6
54	-0.375572	485.066164	0.004725	15.6
55	-1.101196	483.198126	0.016777	15.6
56	-0.464658	481.349149	0.005707	15.5
57	-0.545077	479.518920	0.005489	15.5
58	-0.881510	477.707132	0.014207	15.6
59	-0.458009	475.913485	0.005670	15.7
60	-1.095070	474.137684	0.025588	15.6
61	-0.639597	472.379445	0.007949	16.1
62	-0.703884	470.638485	0.014600	15.9
63	-0.833844	468.914531	0.011543	15.6
64	-0.805446	467.207315	0.014561	15.6
65	-0.749515	465.516573	0.012457	15.5
66	-0.896366	463.842050	0.016700	15.6
67	-0.636760	462.183494	0.009556	15.5
68	-0.997910	460.540658	0.014427	15.6
69	-0.644295	458.913303	0.008631	15.6
70	-0.949654	457.301192	0.017064	15.6
71	-1.047226	455.704096	0.015733	15.6
72	-0.426036	454.121787	0.009472	15.7
73	-0.067029	452.554045	0.001749	16.0
74	-0.562564	451.000653	0.005404	15.8
75	-0.350214	449.461399	0.005521	15.9
76	-0.532861	447.936075	0.006295	15.5
77	-0.848303	446.424477	0.012762	15.6
78	-0.868129	444.926406	0.015889	15.5
79	-0.676867	443.441666	0.008764	15.7
80	-0.664230	441.970065	0.008651	15.6
81	-0.590021	440.511415	0.006756	15.5
82	-0.380255	439.065533	0.004931	15.5
83	-0.956749	437.632238	0.021566	15.5
84	-0.806476	436.211351	0.011419	15.6
85	-0.609908	434.802701	0.012240	15.6
86	-0.805265	433.406117	0.013573	16.6
87	-0.809031	432.021430	0.017240	15.9
88	-0.811433	430.648479	0.010549	15.8
89	-0.777785	429.287101	0.011247	15.6
90	-0.671198	427.937140	0.015812	15.7
91	-0.983212	426.598440	0.021335	15.7
92	-0.977059	425.270849	0.019598	15.6
93	-1.131947	423.954220	0.019511	15.6
94	-0.701563	422.648404	0.006707	15.7
95	-0.569125	421.353259	0.010396	15.5
96	-0.463779	420.068643	0.011338	15.8
97	-0.022326	418.794419	0.000991	15.6
98	-0.525480	417.530451	0.007294	15.6
99	-0.859615	416.276604	0.016926	15.7
100	-0.470393	415.032748	0.007304	15.8
101	-0.534255	413.798754	0.010496	15.8
102	-0.528389	412.574495	0.009331	15.7
103	-0.555726	411.359849	0.007842	15.4
104	-1.110226	410.154691	0.021427	15.7
105	-0.980301	408.958904	0.016706	15.6
106	-1.030068	407.772368	0.023973	15.5
107	-0.379080	406.594968	0.004965	15.6
108	-0.448840	405.426590	0.008341	15.7
109	-1.062789	404.267122	0.017720	15.6
110	-0.843822	403.116456	0.020748	15.5
111	-0.756849	401.974481	0.021203	15.6
112	-0.809260	400.841093	0.016214	15.6
113	-1.060726	399.716187	0.017247	15.9
114	-0.680093	398.599660	0.007544	15.9
115	-1.080162	397.491411	0.022788	15.4
116	-0.830135	396.391342	0.009610	15.6
117	-0.840729	395.299353	0.013438	15.6
118	-0.917166	394.215350	0.015823	15.6
119	-0.935442	393.139238	0.012998	15.5
120	-1.009778	392.070924	0.020968	15.5
121	-0.696055	391.010316	0.008864	15.6
122	-0.397731	389.957325	0.007260	15.7
123	-0.616462	388.911862	0.007252	15.5
124	-0.434633	387.873839	0.005687	15.5
125	-1.040567	386.843173	0.018911	15.7
126	-0.626791	385.819777	0.006778	16.2
127	-0.365871	384.803569	0.012003	16.0
128	-0.699375	383.794468	0.009592	15.5
129	-0.781872	382.792393	0.010759	15.5
130	-0.954790	381.797264	0.020826	15.7
131	-0.923066	380.809005	0.012450	15.6
132	-0.756422	379.827537	0.012322	15.4
133	-0.842499	378.852786	0.018957	15.3
134	-0.381531	377.884678	0.004326	15.5
135	-1.063276	376.923138	0.018369	15.5
136	-0.993716	375.968095	0.019592	15.5
137	-0.558561	375.019479	0.005388	15.6
138	-0.466127	374.077218	0.006297	15.6
139	-0.824996	373.141244	0.011144	16.0
140	-0.636093	372.211489	0.005877	16.1
141	-0.756321	371.287887	0.008486	15.6
142	-0.817602	370.370370	0.012247	15.6
143	-1.096782	369.458876	0.023120	15.7
144	-0.145937	368.553338	0.006928	15.7
145	-0.501418	367.653696	0.005835	15.6
146	-0.923166	366.759885	0.016836	15.7
147	-0.911047	365.871846	0.015974	15.4
148	-0.330194	364.989518	0.004006	15.6
149	-0.819450	364.112841	0.016135	15.7
150	-0.554873	363.241757	0.008307	16.6
151	-1.036106	362.376208	0.021456	16.3
152	-0.571260	361.516137	0.006171	19.2
153	-0.548548	360.661488	0.007302	16.2
154	-0.136497	359.812206	0.005744	16.1
155	-0.767907	358.968236	0.017311	17.5
156	-0.679763	358.129524	0.008237	17.5
157	-0.651917	357.296018	0.012101	16.0
158	-0.832141	356.467665	0.011619	15.7
159	-0.617138	355.644414	0.007958	15.4
160	-0.868391	354.826213	0.017891	15.5
161	-0.767868	354.013012	0.017964	15.5
162	-0.878325	353.204763	0.023490	15.6
163	-0.610206	352.401415	0.008222	15.5
164	-0.664603	351.602922	0.006445	18.9
165	-0.518846	350.809235	0.011935	15.7
166	-0.697695	350.020308	0.008645	15.9
167	-1.103220	349.236095	0.021937	15.5
168	-0.247744	348.456550	0.009979	15.7
169	-0.816535	347.681627	0.012396	15.6
170	-0.875808	346.911283	0.016202	15.5
171	-0.624137	346.145474	0.008878	15.5
172	-0.864703	345.384157	0.015737	15.6
173	-0.675329	344.627288	0.007251	17.8
174	-0.577270	343.874826	0.007232	15.7
175	-0.804731	343.126729	0.014832	15.7
176	-0.545205	342.382957	0.012973	15.6
177	-0.791110	341.643469	0.012053	16.0
178	-1.027609	340.908224	0.020402	15.7
179	-0.677094	340.177184	0.021283	15.9
180	-0.576307	339.450309	0.014685	15.6
181	-0.530749	338.727561	0.006750	15.8
182	-0.584577	338.008902	0.010442	15.6
183	-0.909374	337.294295	0.013812	15.5
184	-0.366746	336.583703	0.005832	15.4
185	-0.539735	335.877089	0.007073	15.6
186	-1.032319	335.174416	0.022398	15.5
187	-0.510956	334.475651	0.006670	15.7
188	-0.897786	333.780756	0.012718	15.5
189	-0.574845	333.089698	0.011000	15.6
190	-1.062661	332.402443	0.017469	15.6
191	-1.109211	331.718955	0.020101	15.9
192	-0.893612	331.039203	0.019780	16.1
193	-1.101996	330.363153	0.012714	15.7
194	-0.984884	329.690771	0.018342	15.6
195	-0.322280	329.022027	0.004125	15.7
196	-0.829088	328.356888	0.010899	15.6
197	-1.096030	327.695322	0.015894	15.7
198	-0.660764	327.037299	0.008725	15.5
199	-0.467659	326.382787	0.006221	15.7
200	-0.816828	325.731758	0.010858	15.4
201	-0.779113	325.084179	0.009689	15.7
202	-1.091078	324.440023	0.011662	15.5
203	-0.513266	323.799258	0.007013	15.8
204	-0.516141	323.161858	0.006261	15.7
205	-0.912497	322.527792	0.016334	15.9
206	-0.904674	321.897034	0.022100	15.6
207	-1.133516	321.269554	0.015124	15.7
208	-0.849209	320.645325	0.008961	15.6
209	-0.613770	320.024320	0.008881	15.6
210	-0.932191	319.406512	0.021872	15.5
211	-0.608803	318.791875	0.008926	15.6
212	-0.773686	318.180381	0.010928	15.7
213	-0.537546	317.572005	0.007874	15.6
214	-0.447998	316.966721	0.012397	15.4
215	-0.416373	316.364504	0.010667	15.6
216	-0.350321	315.765329	0.008303	15.6
217	-0.698122	315.169170	0.011012	15.7
218	-0.980773	314.576003	0.016937	15.8
219	-0.493177	313.985804	0.008938	15.6
220	-0.561049	313.398548	0.007102	15.5
221	-0.893791	312.814213	0.010449	15.7
222	-0.508386	312.232773	0.009583	15.5
223	-0.665481	311.654207	0.011319	15.6
224	-0.899053	311.078491	0.022084	15.6
225	-1.171749	310.505602	0.019457	15.5
226	-0.333989	309.935518	0.006480	15.6
227	-0.607418	309.368217	0.007406	15.6
228	-0.002160	308.803676	0.002320	15.5
229	-0.625215	308.241874	0.008340	15.5
230	-0.595162	307.682789	0.008183	15.7
231	-0.592437	307.126400	0.009697	15.9
232	-0.465314	306.572687	0.007342	15.6
233	-0.611546	306.021627	0.008163	15.6
234	-0.788782	305.473201	0.012022	15.6
235	-0.575808	304.927388	0.008972	16.0
236	-0.519341	304.384168	0.006696	15.6
237	-0.791789	303.843521	0.012200	15.6
238	-0.792887	303.305427	0.016090	15.7
239	-0.387332	302.769867	0.005967	15.6
240	-0.505922	302.236821	0.006791	15.6
241	-0.797013	301.706270	0.012742	15.6
242	-0.877899	301.178196	0.009653	15.8
243	-0.689662	300.652580	0.008229	16.1
244	-0.516255	300.129402	0.008244	15.7
245	-0.635097	299.608645	0.008377	15.7
246	-0.805267	299.090291	0.009522	15.6
247	-0.461476	298.574321	0.006398	15.8
248	-0.442728	298.060718	0.007775	15.4
249	-0.620073	297.549465	0.008400	15.5
250	-0.972286	297.040543	0.022563	15.7
251	-0.927452	296.533936	0.017044	15.7
252	-0.439667	296.029626	0.010068	15.5
253	-0.558543	295.527597	0.007034	15.6
254	-0.887908	295.027832	0.013060	15.4
255	-0.520155	294.530315	0.015076	15.7
256	-0.444976	294.035028	0.006934	18.2
257	-1.155194	293.541956	0.022564	15.9
258	-0.094185	293.051083	0.003625	15.7
259	-0.583515	292.562393	0.008567	15.9
260	-0.538140	292.075870	0.008577	15.5
261	-0.918408	291.591498	0.012698	15.5
262	-1.120070	291.109263	0.027805	15.6
263	-0.726054	290.629149	0.016588	15.4
264	-0.533779	290.151140	0.007773	15.6
265	-0.019889	289.675222	0.001691	15.6
266	-0.902653	289.201380	0.014280	15.8
267	-0.598889	288.729600	0.006725	15.5
268	-0.510921	288.259866	0.008093	16.1
269	-0.999916	287.792165	0.012157	16.1
270	-1.125261	287.326481	0.016138	16.0
271	-0.722291	286.862802	0.006949	15.5
272	-0.577511	286.401113	0.014874	15.7
273	-0.712082	285.941400	0.013540	15.6
274	-1.025735	285.483649	0.012959	15.5
275	-1.125599	285.027847	0.022365	15.6
276	-0.838238	284.573981	0.019404	15.6
277	-0.966784	284.122037	0.013375	15.6
278	-0.768670	283.672002	0.008946	15.7
279	-0.808610	283.223863	0.013101	15.7
280	-1.070107	282.777607	0.024586	15.7
281	-0.229785	282.333221	0.008200	15.8
282	-0.331062	281.890692	0.004732	15.9
283	-0.508016	281.450008	0.007217	15.7
284	-0.790622	281.011157	0.008499	15.6
285	-1.057435	280.574125	0.013969	15.7
286	-0.866418	280.138901	0.008507	15.6
287	-0.754690	279.705473	0.008981	15.6
288	-0.857861	279.273829	0.017493	15.6
289	-1.105369	278.843956	0.023666	15.6
290	-0.605154	278.415844	0.006646	15.5
291	-0.573767	277.989479	0.007209	16.0
292	-0.888061	277.564851	0.009335	15.5
293	-0.639263	277.141949	0.020991	15.5
294	-1.140961	276.720761	0.021500	15.8
295	-0.723370	276.301275	0.010100	15.9
296	-0.438329	275.883480	0.010113	15.8
297	-0.742304	275.467366	0.008337	15.5
298	-0.947736	275.052922	0.013707	15.7
299	-0.465662	274.640136	0.006345	15.6
300	-1.029132	274.228998	0.009842	15.5
301	-0.071701	273.819497	0.003305	15.5
302	-0.952443	273.411623	0.015170	15.7
303	-0.188656	273.005365	0.006451	15.5
304	-0.729889	272.600712	0.009618	15.7
305	-0.614995	272.197655	0.006996	15.7
306	-0.699989	271.796184	0.012094	15.7
307	-0.761813	271.396287	0.010654	15.9
308	-0.503905	270.997956	0.006199	16.0
309	-1.123688	270.601180	0.014907	15.8
310	-0.998002	270.205949	0.019689	15.6
311	-0.790305	269.812254	0.008645	15.7
312	-0.568701	269.420085	0.007546	15.4
313	-0.840401	269.029432	0.010290	15.6
314	-0.805546	268.640287	0.014248	15.6
315	-0.749070	268.252638	0.008150	15.5
316	-0.914811	267.866478	0.020786	15.6
317	-0.556298	267.481796	0.006442	15.8
318	-0.688625	267.098584	0.011979	15.6
319	-0.960565	266.716833	0.016124	15.5
320	-0.995792	266.336533	0.013588	16.1
321	-1.137064	265.957676	0.018610	16.0
322	-0.604530	265.580253	0.007846	15.9
323	-0.680179	265.204254	0.011681	15.9
324	-0.569960	264.829672	0.008241	15.6
325	-0.464437	264.456497	0.009591	15.6
326	-1.046735	264.084721	0.027512	15.7
327	-0.136947	263.714335	0.004759	15.6
328	-0.975506	263.345332	0.013596	15.6
329	-0.917506	262.977702	0.010687	15.5
330	-0.415224	262.611438	0.006742	15.7
331	-0.956965	262.246531	0.010093	15.6
332	-0.284987	261.882973	0.009434	15.6
333	-0.589199	261.520756	0.009495	16.2
334	-0.843184	261.159871	0.007756	15.8
335	-0.779512	260.800312	0.009334	15.6
336	-0.829133	260.442070	0.010140	15.7
337	-0.789465	260.085137	0.008920	15.5
338	-0.785789	259.729505	0.012564	15.5
339	-0.824404	259.375167	0.017066	15.6
340	-0.685366	259.022116	0.009763	15.5
341	-0.842916	258.670343	0.020854	15.5
342	-0.704576	258.319841	0.009323	15.9
343	-0.468742	257.970602	0.005771	15.6
344	-0.899647	257.622620	0.012532	15.6
345	-0.708794	257.275887	0.007056	15.5
346	-0.499366	256.930396	0.012040	15.6
347	-0.245902	256.586139	0.004902	15.9
348	-0.584973	256.243109	0.007352	15.9
349	-0.556319	255.901300	0.005779	15.6
350	-0.723893	255.560703	0.008838	15.6
351	-0.651085	255.221313	0.008381	15.5
352	-1.118502	254.883122	0.023578	15.6
353	-0.556186	254.546124	0.006455	15.6
354	-0.675559	254.210311	0.006062	15.6
355	-0.488412	253.875677	0.007057	15.6
356	-0.934471	253.542215	0.010146	15.6
357	-0.720490	253.209918	0.012469	15.6
358	-0.391578	252.878781	0.006114	15.6
359	-0.454177	252.548795	0.012649	15.7
360	-0.585666	252.219956	0.007757	15.9
361	-1.125524	251.892255	0.018594	16.0
362	-0.419627	251.565688	0.007971	15.7
363	-0.729681	251.240247	0.011396	15.7
364	-0.638818	250.915926	0.009665	15.6
365	-0.953090	250.592720	0.012165	15.6
366	-0.998633	250.270621	0.016291	15.7
367	-0.744469	249.949624	0.010899	15.6
368	-0.960674	249.629723	0.017318	15.6
369	-0.493654	249.310911	0.007729	15.6
370	-0.385559	248.993182	0.005259	15.5
371	-0.960061	248.676531	0.014251	15.5
372	-0.751890	248.360952	0.010240	15.8
373	-0.582749	248.046438	0.005509	15.9
374	-0.617410	247.732984	0.011477	15.9
375	-0.547306	247.420584	0.007944	15.6
376	-0.408084	247.109233	0.006450	15.5
377	-1.092619	246.798924	0.018138	15.5
378	-0.565451	246.489652	0.007774	15.6
379	-1.053265	246.181412	0.022193	15.6
380	-0.565073	245.874197	0.010992	15.6
381	-0.746103	245.568002	0.009408	15.7
382	-0.870148	245.262822	0.011520	15.6
383	-0.733332	244.958652	0.007172	15.6
384	-0.868350	244.655485	0.014810	15.7
385	-1.059312	244.353317	0.018595	15.7
386	-0.944459	244.052142	0.012296	15.9
387	-0.658698	243.751955	0.006735	16.4
388	-0.392753	243.452750	0.006093	15.8
389	-0.713307	243.154523	0.007924	15.5
390	-1.022837	242.857268	0.013761	15.6
391	-0.950478	242.560980	0.017539	15.5
392	-0.635641	242.265654	0.011217	15.6
393	-0.651378	241.971285	0.008282	15.6
394	-0.459651	241.677868	0.007154	15.6
395	-0.531241	241.385397	0.007616	15.6
396	-0.578474	241.093869	0.007346	15.6
397	-0.679565	240.803278	0.007107	15.5
398	-0.527459	240.513619	0.004625	15.8
399	-0.517007	240.224887	0.006072	15.7
400	-0.755117	239.937077	0.010170	15.9
401	-0.842347	239.650186	0.009520	15.5
402	-0.658306	239.364207	0.009207	15.5
403	-0.139368	239.079136	0.003190	15.6
404	-0.809765	238.794969	0.008375	15.7
405	-0.756402	238.511701	0.012949	15.6
406	-0.728758	238.229327	0.007004	15.6
407	-0.953532	237.947843	0.012656	15.6
408	-0.607388	237.667244	0.008784	15.5
409	-0.785050	237.387526	0.010931	15.5
410	-0.300268	237.108684	0.006657	15.5
411	-1.159581	236.830714	0.029069	15.7
412	-0.780858	236.553610	0.008099	16.4
413	-0.619694	236.277370	0.007145	15.8
414	-0.016963	236.001989	0.001181	15.6
415	-0.646087	235.727461	0.015366	15.6
416	-0.453865	235.453784	0.005423	15.6
417	-0.967154	235.180952	0.022357	15.6
418	-0.333830	234.908962	0.003700	15.6
419	-0.909021	234.637809	0.012366	15.7
420	-0.539927	234.367488	0.014130	15.5
421	-1.124420	234.097997	0.016753	15.5
422	-0.573404	233.829331	0.006229	15.6
423	-0.934160	233.561485	0.014486	15.5
424	-0.663287	233.294456	0.008079	15.6
425	-0.642835	233.028239	0.007723	15.9
426	-0.984998	232.762831	0.015657	15.9
427	-0.635231	232.498228	0.006336	15.6
428	-0.477501	232.234425	0.006120	15.7
429	-0.412581	231.971419	0.004198	15.6
430	-0.607522	231.709205	0.006794	15.6
431	-0.357406	231.447781	0.004710	15.6
432	-0.503406	231.187141	0.010812	15.6
433	-0.113904	230.927283	0.002660	15.5
434	-1.161516	230.668202	0.015297	15.7
435	-0.886916	230.409895	0.009035	15.4
436	-0.674776	230.152358	0.006640	15.6
437	-1.163133	229.895587	0.014854	16.0
438	-1.050407	229.639578	0.015841	16.0
439	-0.896658	229.384329	0.011568	16.1
440	-1.007551	229.129834	0.018728	15.5
441	-0.971421	228.876091	0.011378	15.6
442	-0.960812	228.623096	0.010505	15.6
443	-1.080391	228.370846	0.022861	15.6
444	-0.523735	228.119336	0.006488	15.6
445	-0.931561	227.868563	0.011410	15.6
446	-0.362897	227.618525	0.005543	15.6
447	-0.655275	227.369216	0.005866	15.6
448	-0.652054	227.120635	0.013532	15.6
449	-0.832960	226.872777	0.010090	15.5
450	-0.803422	226.625638	0.013804	15.8
451	-0.823015	226.379217	0.012683	16.4
452	-0.894724	226.133509	0.018840	15.9
453	-1.135335	225.888510	0.016447	15.6
454	-0.527628	225.644218	0.005486	15.5
455	-0.614803	225.400630	0.013195	15.4
456	-0.507844	225.157741	0.007459	15.7
457	-0.954382	224.915549	0.011787	15.9
458	-0.248177	224.674051	0.006710	15.9
459	-1.085493	224.433242	0.014669	15.5
460	-0.630094	224.193121	0.011123	15.6
461	-0.990326	223.953684	0.023915	15.6
462	-0.764691	223.714927	0.017139	15.5
463	-1.167725	223.476848	0.017021	16.0
464	-1.157897	223.239444	0.017705	16.1
465	-0.632599	223.002710	0.012382	15.7
466	-0.772355	222.766645	0.009780	15.6
467	-0.666317	222.531245	0.010733	15.5
468	-0.661009	222.296508	0.009476	15.5
469	-0.661890	222.062429	0.007874	15.5
470	-0.636257	221.829007	0.007854	15.7
471	-0.584929	221.596238	0.006069	15.7
472	-0.726678	221.364119	0.009319	15.5
473	-0.448410	221.132647	0.008558	15.6
474	-1.020832	220.901820	0.027638	15.5
475	-0.286034	220.671634	0.009627	15.5
476	-0.437677	220.442086	0.007349	15.8
477	-0.682618	220.213174	0.006988	15.8
478	-0.791574	219.984895	0.011357	15.8
479	-0.778446	219.757246	0.008585	15.6
480	-0.591942	219.530224	0.004865	15.6
481	-0.378096	219.303826	0.004136	15.5
482	-0.790551	219.078050	0.010625	15.4
483	-0.533730	218.852893	0.008161	15.7
484	-0.639458	218.628352	0.006539	15.6
485	-0.896702	218.404424	0.008867	15.6
486	-1.032367	218.181106	0.015277	15.5
487	-0.687024	217.958397	0.009047	16.0
488	-0.710214	217.736292	0.009542	15.5
489	-0.445930	217.514790	0.007729	15.7
490	-0.807375	217.293888	0.009610	16.2
491	-1.156439	217.073584	0.020035	15.6
492	-1.025181	216.853873	0.013657	15.5
493	-0.903323	216.634755	0.012692	15.5
494	-0.676322	216.416227	0.010058	15.6
495	-1.116861	216.198285	0.012849	15.5
496	-0.615961	215.980927	0.007196	15.6
497	-0.767905	215.764151	0.008376	15.6
498	-0.705666	215.547955	0.009924	15.6
499	-0.853391	215.332335	0.014331	15.7
500	-0.617625	215.117289	0.005113	15.5
501	-0.936731	214.902815	0.012971	15.5
502	-0.783245	214.688911	0.009990	15.8
503	-1.124136	214.475573	0.011587	16.0
504	-0.468892	214.262800	0.005708	16.3
505	-1.030489	214.050588	0.012758	15.4
506	-0.635999	213.838936	0.007572	15.7
507	-0.736840	213.627842	0.010878	15.7
508	-1.003273	213.417302	0.018196	15.7
509	-0.411333	213.207314	0.004744	15.5
510	-0.858943	212.997877	0.010435	15.6
511	-0.399696	212.788987	0.005665	15.5
512	-0.830548	212.580642	0.012446	15.7
513	-1.129591	212.372841	0.010564	15.6
514	-1.149166	212.165581	0.025803	15.6
515	-0.476779	211.958859	0.004538	15.8
516	-0.580192	211.752673	0.008305	16.0
517	-0.895781	211.547021	0.018960	15.9
518	-1.108424	211.341902	0.014436	15.6
519	-0.722727	211.137311	0.006064	15.6
520	-0.747843	210.933248	0.006320	15.6
521	-0.535252	210.729710	0.007356	15.7
522	-0.904880	210.526695	0.008933	15.7
523	-0.511570	210.324200	0.005906	15.5
524	-0.685115	210.122224	0.010138	15.6
525	-0.848914	209.920765	0.010007	15.5
526	-0.965570	209.719820	0.014671	15.6
527	-0.690046	209.519387	0.007671	15.4
528	-0.968438	209.319463	0.009698	15.7
529	-0.724190	209.120048	0.008000	15.9
530	-0.861247	208.921139	0.007426	15.8
531	-1.171491	208.722733	0.013559	15.5
532	-0.924178	208.524829	0.020752	15.5
533	-0.595194	208.327425	0.006254	15.7
534	-0.924245	208.130518	0.014692	15.9
535	-0.947780	207.934107	0.010106	15.7
536	-0.695238	207.738189	0.006479	15.6
537	-0.563390	207.542762	0.005774	15.5
538	-0.909017	207.347825	0.014734	15.6
539	-1.168275	207.153376	0.019217	15.6
540	-0.519498	206.959412	0.005416	15.6
541	-0.890974	206.765932	0.023615	15.7
542	-0.894756	206.572933	0.009561	15.9
543	-0.353344	206.380414	0.006934	16.2
544	-0.232904	206.188373	0.004918	15.6
545	-1.012067	205.996807	0.022533	15.6
546	-0.613366	205.805716	0.007598	15.6
547	-0.629325	205.615096	0.011584	15.7
548	-0.493845	205.424946	0.012335	15.5
549	-0.441923	205.235265	0.005882	15.6
550	-0.973506	205.046050	0.010172	15.6
551	-0.756478	204.857299	0.010442	15.6
552	-0.779319	204.669011	0.009765	15.6
553	-0.941227	204.481184	0.012026	15.7
554	-1.004815	204.293816	0.012530	15.7
555	-0.915078	204.106905	0.012189	15.9
556	-0.830929	203.920449	0.009907	16.0
557	-0.574493	203.734447	0.006320	15.5
558	-0.686936	203.548896	0.006252	15.7
559	-0.890761	203.363795	0.009320	15.9
560	-0.640559	203.179143	0.010798	15.6
561	-0.409416	202.994937	0.004723	15.5
562	-0.785808	202.811176	0.011027	15.5
563	-0.385929	202.627857	0.004119	15.6
564	-0.685425	202.444980	0.007602	15.6
565	-0.691242	202.262543	0.008509	15.6
566	-0.681071	202.080543	0.009723	15.7
567	-0.987259	201.898979	0.012509	15.8
568	-0.534607	201.717849	0.006790	15.9
569	-1.068804	201.537153	0.013589	15.7
570	-0.617092	201.356887	0.004749	15.7
571	-0.524568	201.177050	0.008019	15.6
572	-0.461990	200.997642	0.006997	15.6
573	-0.911456	200.818659	0.010415	15.6
574	-1.025271	200.640100	0.014835	15.6
575	-1.031897	200.461965	0.017947	15.5
576	-0.922149	200.284250	0.010179	15.7
577	-0.437668	200.106955	0.006181	15.6
578	-0.447745	199.930078	0.006925	15.5
579	-0.557808	199.753617	0.007906	15.6
580	-0.612370	199.577571	0.006252	15.7
581	-0.806463	199.401938	0.012194	15.9
582	-1.156972	199.226717	0.014330	15.8
583	-0.613664	199.051905	0.010213	15.6
584	-0.675145	198.877502	0.008151	15.5
585	-0.525104	198.703506	0.005015	15.6
586	-1.100199	198.529916	0.019144	15.6
587	-0.664145	198.356729	0.012878	15.6
588	-0.346313	198.183944	0.004483	15.4
589	-0.715859	198.011560	0.008920	15.5
590	-1.102679	197.839576	0.012289	15.5
591	-0.644870	197.667989	0.011182	15.5
592	-1.128961	197.496798	0.013963	15.6
593	-0.953697	197.326002	0.011327	15.7
594	-0.000113	197.155600	0.000011	15.8
595	-0.776708	196.985589	0.008820	15.9
596	-0.684459	196.815969	0.006754	15.6
597	-0.756953	196.646738	0.014252	15.6
598	-0.740111	196.477894	0.010985	15.7
599	-0.834385	196.309436	0.009204	15.5
600	-0.574524	196.141363	0.008381	15.6
601	-0.384599	195.973673	0.005122	15.6
602	-0.741677	195.806365	0.007654	15.6
603	-0.386248	195.639437	0.010716	15.5
604	-0.970516	195.472888	0.009613	15.7
605	-0.566581	195.306717	0.014540	15.6
606	-0.845829	195.140922	0.009790	15.9
607	-0.860385	194.975501	0.017779	19.2
608	-0.666212	194.810454	0.008962	15.6
609	-0.715204	194.645779	0.009247	15.6
610	-0.616868	194.481475	0.008238	15.7
611	-0.537121	194.317540	0.004469	15.5
612	-0.800018	194.153973	0.015280	15.6
613	-0.980841	193.990773	0.008942	15.6
614	-0.828222	193.827938	0.007499	15.8
615	-0.656568	193.665467	0.006817	15.5
616	-1.087355	193.503358	0.011471	16.4
617	-0.705801	193.341611	0.009378	15.7
618	-0.293609	193.180224	0.007397	15.7
619	-0.721593	193.019196	0.008749	15.8
620	-0.741108	192.858525	0.006841	15.9
621	-0.699304	192.698210	0.008064	16.1
622	-0.878142	192.538251	0.009985	15.5
623	-0.683035	192.378644	0.006836	15.7
624	-0.602694	192.219391	0.005865	15.6
625	-0.653994	192.060488	0.007983	15.5
626	-1.010614	191.901935	0.017067	15.6
627	-1.078912	191.743730	0.016254	15.4
628	-0.712730	191.585873	0.007710	15.5
629	-0.889087	191.428362	0.011035	15.6
630	-0.482243	191.271196	0.005445	15.6
631	-0.329435	191.114374	0.008516	15.7
632	-0.840584	190.957893	0.008559	15.7
633	-0.767362	190.801755	0.016635	15.9
634	-0.906626	190.645956	0.009750	16.2
635	-0.749194	190.490495	0.011386	15.6
636	-0.686960	190.335373	0.006942	15.9
637	-1.021442	190.180587	0.018460	15.6
638	-0.977917	190.026136	0.015164	15.6
639	-0.830451	189.872019	0.009569	15.6
640	-0.587935	189.718235	0.007187	15.5
641	-1.060987	189.564782	0.016742	15.5
642	-0.580478	189.411661	0.005594	15.7
643	-0.571621	189.258868	0.010974	15.6
644	-0.677625	189.106404	0.007912	15.6
645	-1.144733	188.954267	0.028648	15.9
646	-0.664788	188.802456	0.006723	16.0
647	-1.073659	188.650969	0.011569	15.9
648	-0.318606	188.499807	0.005506	15.6
649	-0.834921	188.348967	0.006933	15.6
650	-0.852951	188.198448	0.013775	15.7
651	-0.551064	188.048250	0.009276	15.5
652	-1.074937	187.898371	0.010869	15.6
653	-0.942935	187.748810	0.014246	15.6
654	-0.814382	187.599566	0.010301	15.5
655	-0.691887	187.450638	0.008774	15.7
656	-0.429960	187.302025	0.007207	15.6
657	-0.989783	187.153725	0.009447	15.5
658	-0.984238	187.005739	0.010587	15.8
659	-1.118335	186.858064	0.012315	15.8
660	-0.636774	186.710699	0.011035	15.9
661	-0.934155	186.563645	0.010610	15.6
662	-0.600595	186.416898	0.007373	15.6
663	-0.605244	186.270459	0.008087	15.4
664	-0.717443	186.124326	0.007981	15.8
665	-0.708382	185.978499	0.009699	15.6
666	-0.658079	185.832976	0.010830	15.4
667	-0.804385	185.687756	0.009826	15.5
668	-0.833334	185.542838	0.008375	15.5
669	-0.441772	185.398222	0.006692	15.5
670	-0.894483	185.253906	0.014314	15.7
671	-1.137623	185.109889	0.027439	15.7
672	-0.468350	184.966170	0.008487	16.1
673	-0.525982	184.822748	0.006258	15.8
674	-1.146335	184.679623	0.016599	15.7
675	-0.435077	184.536792	0.005373	15.7
676	-0.521194	184.394256	0.005830	15.5
677	-0.827854	184.252013	0.011683	15.5
678	-0.854820	184.110062	0.009804	15.6
679	-1.085205	183.968403	0.010304	15.6
680	-0.934491	183.827034	0.009455	15.6
681	-0.706515	183.685954	0.007928	15.6
682	-0.712575	183.545163	0.008887	15.7
683	-0.709580	183.404658	0.012417	15.5
684	-1.131382	183.264441	0.010682	16.0
685	-0.412821	183.124509	0.006303	15.8
686	-0.942076	182.984861	0.009510	15.7
687	-0.382776	182.845497	0.004865	15.8
688	-0.978947	182.706416	0.008697	15.6
689	-0.715492	182.567616	0.009061	15.5
690	-1.014798	182.429098	0.017115	15.5
691	-1.037911	182.290859	0.013226	15.4
692	-1.050696	182.152899	0.014252	15.6
693	-1.071949	182.015217	0.017014	15.6
694	-0.851227	181.877813	0.011163	15.6
695	-0.841764	181.740684	0.008810	15.5
696	-1.052162	181.603832	0.010390	15.6
697	-0.569034	181.467253	0.010814	15.8
698	-0.633119	181.330948	0.007472	16.0
699	-0.870600	181.194916	0.008616	15.9
700	-0.363055	181.059155	0.007362	15.5
701	-1.073283	180.923666	0.012225	15.6
702	-0.635187	180.788446	0.011122	15.6
703	-1.136421	180.653496	0.025439	15.6
704	-0.604847	180.518814	0.008095	15.5
705	-1.079241	180.384399	0.014589	15.6
706	-0.357068	180.250251	0.007185	15.8
707	-0.593918	180.116369	0.008468	15.5
708	-1.003406	179.982752	0.011683	15.6
709	-0.785191	179.849398	0.010007	15.7
710	-0.781972	179.716308	0.011427	15.9
711	-1.129754	179.583480	0.012576	16.0
712	-0.418970	179.450913	0.005724	15.7
713	-0.510046	179.318607	0.007084	15.5
714	-0.834137	179.186561	0.010798	15.6
715	-0.685067	179.054774	0.007830	16.4
716	-0.967895	178.923245	0.014107	16.0
717	-0.429065	178.791973	0.006869	15.6
718	-1.181578	178.660958	0.019607	15.6
719	-1.172633	178.530199	0.016291	16.0
720	-0.954495	178.399694	0.010162	15.6
721	-1.028195	178.269444	0.021877	15.6
722	-0.888209	178.139447	0.009462	15.6
723	-1.023632	178.009702	0.017727	15.8
724	-0.603522	177.880209	0.007151	15.8
725	-0.497508	177.750967	0.006014	15.9
726	-0.850814	177.621975	0.009735	15.7
727	-1.012785	177.493232	0.014830	15.5
728	-0.678866	177.364738	0.009239	15.6
729	-0.470402	177.236492	0.006113	15.5
730	-0.479622	177.108492	0.006560	15.6
731	-1.065455	176.980739	0.017806	15.6
732	-0.764004	176.853231	0.008444	15.6
733	-0.443277	176.725968	0.009411	15.6
734	-0.537665	176.598949	0.004960	15.6
735	-1.000644	176.472173	0.015848	15.5
736	-0.480498	176.345639	0.005094	15.6
737	-0.946941	176.219348	0.009708	17.4
738	-1.193365	176.093296	0.029817	15.8
739	-0.527994	175.967486	0.005695	15.6
740	-0.742957	175.841914	0.008362	15.5
741	-0.974419	175.716581	0.013435	15.5
742	-0.914572	175.591486	0.010020	15.7
743	-0.585707	175.466629	0.007248	15.6
744	-0.458010	175.342008	0.005105	15.8
745	-1.148851	175.217622	0.031879	15.5
746	-0.292630	175.093472	0.002665	15.5
747	-0.922415	174.969556	0.013552	15.5
748	-0.774855	174.845873	0.007771	15.5
749	-1.150328	174.722423	0.015713	16.0
750	-0.903729	174.599206	0.009046	15.9
751	-0.667729	174.476220	0.009217	15.8
752	-1.031516	174.353464	0.011580	15.5
753	-0.528940	174.230939	0.007075	15.5
754	-0.677747	174.108643	0.008349	15.4
755	-0.788174	173.986576	0.011682	15.5
756	-0.674234	173.864737	0.008523	15.6
757	-0.851227	173.743124	0.009867	15.7
758	-0.522815	173.621739	0.007314	15.7
759	-1.086597	173.500579	0.016779	15.5
760	-1.098437	173.379645	0.012137	15.6
761	-0.697609	173.258935	0.008013	15.7
762	-0.383048	173.138449	0.004838	15.7
763	-0.740782	173.018186	0.009486	15.9
764	-0.563347	172.898146	0.006597	15.7
765	-0.545918	172.778327	0.008301	15.5
766	-0.702725	172.658730	0.009227	15.6
767	-0.756291	172.539353	0.010751	15.6
768	-0.627903	172.420196	0.010778	15.7
769	-0.560021	172.301258	0.006264	16.3
770	-0.669009	172.182539	0.009818	15.9
771	-0.969016	172.064037	0.009973	15.6
772	-0.676151	171.945753	0.007690	15.6
773	-0.649039	171.827686	0.007217	15.6
774	-1.019965	171.709834	0.013481	16.0
775	-0.056726	171.592198	0.001557	17.7
776	-1.099440	171.474776	0.019015	15.9
777	-0.852650	171.357568	0.008650	15.8
778	-0.419518	171.240574	0.005184	15.8
779	-0.881615	171.123793	0.009345	15.8
780	-0.875652	171.007223	0.011994	15.5
781	-0.852063	170.890865	0.008059	15.6
782	-0.629609	170.774718	0.008537	15.6
783	-0.902267	170.658782	0.023109	15.7
784	-0.634166	170.543055	0.015109	15.6
785	-0.803725	170.427537	0.008443	15.4
786	-0.810362	170.312227	0.008963	15.5
787	-0.761448	170.197125	0.009325	15.6
788	-0.709042	170.082231	0.009658	16.0
789	-0.805994	169.967543	0.008541	16.0
790	-0.631472	169.853061	0.012054	16.1
791	-0.851739	169.738784	0.009610	15.6
792	-0.770996	169.624713	0.010348	15.6
793	-0.742608	169.510845	0.007116	15.6
794	-0.536112	169.397181	0.006615	15.7
795	-0.194971	169.283720	0.005113	15.6
796	-0.985825	169.170462	0.010348	15.7
797	-0.834306	169.057405	0.015155	15.5
798	-1.118744	168.944549	0.012572	15.6
799	-0.258143	168.831895	0.006360	15.6
800	-0.805047	168.719440	0.009421	15.6
801	-0.849032	168.607185	0.009844	15.7
802	-0.479483	168.495129	0.005142	15.9
803	-0.694127	168.383271	0.006000	15.8
804	-0.050032	168.271611	0.002715	15.6
805	-1.111615	168.160148	0.022593	15.6
806	-0.696605	168.048882	0.011132	15.6
807	-1.119162	167.937812	0.012293	15.6
808	-0.350166	167.826938	0.005033	15.6
809	-0.680048	167.716258	0.007579	15.6
810	-0.083263	167.605773	0.002616	15.6
811	-0.764196	167.495482	0.009453	15.5
812	-0.895496	167.385384	0.012884	15.6
813	-0.627410	167.275479	0.007451	15.6
814	-0.771018	167.165766	0.008551	15.7
815	-0.473827	167.056245	0.008065	16.0
816	-0.095890	166.946915	0.004882	16.0
817	-0.880449	166.837776	0.011905	15.6
818	-0.713436	166.728826	0.010416	15.7
819	-1.192123	166.620067	0.017763	15.6
820	-0.961762	166.511496	0.008855	15.5
821	-0.200940	166.403113	0.007269	15.8
822	-0.487029	166.294919	0.005245	15.6
823	-0.284395	166.186912	0.004285	15.5
824	-0.515366	166.079091	0.006643	15.7
825	-0.793963	165.971458	0.009629	15.6
826	-0.796858	165.864009	0.008616	15.7
827	-0.885024	165.756747	0.013203	15.8
828	-0.345206	165.649669	0.005235	16.1
829	-0.282950	165.542775	0.008900	15.6
830	-0.747188	165.436065	0.008885	15.5
831	-0.490712	165.329538	0.005655	15.6
832	-0.916982	165.223194	0.008420	15.6
833	-0.829239	165.117032	0.011973	15.4
834	-0.586546	165.011052	0.009414	15.7
835	-0.785974	164.905253	0.013256	15.5
836	-0.627858	164.799635	0.007122	15.6
837	-0.425572	164.694197	0.004863	15.6
838	-0.750654	164.588939	0.012310	15.6
839	-0.639943	164.483859	0.006283	15.5
840	-0.619085	164.378959	0.008362	15.9
841	-0.346412	164.274237	0.005900	15.8
842	-0.577909	164.169692	0.006419	15.8
843	-0.808580	164.065325	0.010336	15.6
844	-0.573370	163.961135	0.008117	15.5
845	-0.696408	163.857120	0.011225	15.5
846	-0.962886	163.753282	0.010960	15.5
847	-0.544522	163.649619	0.007078	15.7
848	-0.543848	163.546130	0.005837	15.6
849	-0.389437	163.442816	0.007231	15.5
850	-0.875176	163.339676	0.015179	15.7
851	-1.073574	163.236709	0.017202	15.5
852	-0.529127	163.133915	0.006332	15.5
853	-0.850106	163.031294	0.009517	15.8
854	-1.132321	162.928844	0.022860	18.4
855	-1.123767	162.826566	0.011552	15.7
856	-0.886142	162.724459	0.007990	15.6
857	-0.707223	162.622523	0.008236	15.5
858	-1.154574	162.520757	0.013281	15.5
859	-1.018058	162.419160	0.010475	15.7
860	-0.789059	162.317733	0.007292	15.5
861	-0.541605	162.216474	0.007335	15.5
862	-1.148207	162.115383	0.016501	15.5
863	-1.161886	162.014461	0.012783	15.5
864	-0.551940	161.913705	0.009585	15.6
865	-1.041525	161.813117	0.012914	15.5
866	-0.528589	161.712695	0.005775	16.1
867	-0.962180	161.612439	0.013466	15.7
868	-0.873826	161.512349	0.010164	16.0
869	-0.989531	161.412424	0.010097	15.4
870	-0.846482	161.312663	0.010467	15.4
871	-0.670563	161.213067	0.009120	15.5
872	-0.852742	161.113635	0.015860	15.9
873	-0.711239	161.014366	0.008198	15.7
874	-0.877219	160.915260	0.011652	15.5
875	-0.608861	160.816316	0.006569	15.6
876	-0.668457	160.717535	0.014620	15.5
877	-0.839099	160.618915	0.012257	15.6
878	-0.457336	160.520456	0.005251	15.7
879	-0.736946	160.422158	0.007769	15.7
880	-0.975408	160.324021	0.019706	15.9
881	-0.902179	160.226043	0.013110	15.8
882	-0.364876	160.128225	0.003831	15.6
883	-1.047878	160.030566	0.011084	15.5
884	-1.073522	159.933066	0.015625	15.6
885	-0.901313	159.835723	0.008642	15.7
886	-0.600589	159.738539	0.007933	15.7
887	-0.960620	159.641512	0.014642	15.6
888	-0.766029	159.544642	0.008781	15.6
889	-0.872026	159.447929	0.009770	15.6
890	-1.141112	159.351372	0.011643	15.5
891	-0.857762	159.254971	0.010905	15.7
892	-0.527453	159.158725	0.009202	15.8
893	-0.088063	159.062634	0.002244	15.8
894	-0.613198	158.966697	0.006270	15.8
895	-0.745948	158.870915	0.010457	15.5
896	-0.664580	158.775286	0.007467	15.4
897	-0.909147	158.679811	0.010212	15.5
898	-0.385880	158.584489	0.010593	15.9
899	-0.599446	158.489319	0.006537	15.6
900	-0.329669	158.394302	0.004510	15.5
901	-1.131356	158.299436	0.013994	15.6
902	-1.071686	158.204721	0.010480	15.6
903	-1.018010	158.110158	0.013392	15.5
904	-0.974695	158.015745	0.014407	15.6
905	-0.921404	157.921482	0.009960	15.6
906	-0.895469	157.827369	0.009042	15.8
907	-0.728960	157.733406	0.008160	15.7
908	-0.110463	157.639591	0.002023	15.7
909	-0.808746	157.545925	0.009329	15.6
910	-0.872357	157.452408	0.013027	15.7
911	-0.776900	157.359038	0.010199	15.5
912	-0.454009	157.265816	0.005910	15.6
913	-0.743302	157.172741	0.008441	15.6
914	-0.522912	157.079813	0.004698	15.7
915	-1.111259	156.987031	0.014140	15.6
916	-0.557164	156.894395	0.006886	15.6
917	-0.544598	156.801904	0.004853	15.6
918	-0.781220	156.709559	0.011149	15.8
919	-0.208105	156.617359	0.004816	15.9
920	-0.936380	156.525304	0.012517	16.0
921	-0.673798	156.433392	0.009067	15.6
922	-0.580219	156.341624	0.008181	15.5
923	-0.935317	156.250000	0.010444	15.7
924	-0.645589	156.158519	0.007781	15.7
925	-1.075836	156.067180	0.012535	15.6
926	-0.554772	155.975984	0.007771	15.7
927	-0.373730	155.884930	0.009015	15.6
928	-1.092538	155.794017	0.009987	15.4
929	-0.789504	155.703246	0.008507	15.6
930	-0.462107	155.612615	0.006979	15.5
931	-0.599228	155.522125	0.007769	15.8
932	-0.486080	155.431775	0.009372	15.8
933	-0.946530	155.341565	0.011079	15.8
934	-0.828969	155.251495	0.009711	15.6
935	-0.640783	155.161563	0.009135	15.6
936	-0.716940	155.071771	0.013547	15.7
937	-0.736188	154.982117	0.009330	15.5
938	-0.622850	154.892601	0.008459	15.5
939	-0.659505	154.803222	0.009003	15.5
940	-0.650523	154.713981	0.006688	15.8
941	-1.024652	154.624878	0.021695	15.6
942	-1.153633	154.535910	0.018157	15.7
943	-1.091023	154.447080	0.009351	15.6
944	-1.157678	154.358385	0.013570	15.4
945	-0.779538	154.269826	0.016118	15.9
946	-0.765818	154.181402	0.009043	15.7
947	-0.200054	154.093114	0.005423	15.5
948	-0.862148	154.004960	0.009532	15.6
949	-0.464876	153.916940	0.005840	15.7
950	-0.580596	153.829054	0.009124	15.5
951	-0.000010	153.741303	0.000001	15.5
952	-0.610509	153.653684	0.006878	15.7
953	-0.933684	153.566198	0.012446	15.7
954	-0.277145	153.478846	0.005723	15.6
955	-0.509948	153.391625	0.008275	15.7
956	-1.114184	153.304537	0.014522	15.6
957	-0.929637	153.217580	0.011332	15.8
958	-0.588049	153.130755	0.011694	15.9
959	-0.451767	153.044061	0.006883	15.8
960	-0.545694	152.957498	0.006029	15.6
961	-0.822072	152.871065	0.010022	15.6
962	-0.779618	152.784762	0.010708	15.5
963	-1.127967	152.698589	0.013873	15.5
964	-0.649288	152.612545	0.006040	15.5
965	-0.763078	152.526631	0.011673	15.5
966	-0.577808	152.440845	0.007074	15.5
967	-1.106930	152.355188	0.017495	15.6
968	-0.591583	152.269660	0.005878	15.6
969	-0.697531	152.184259	0.007731	15.6
970	-0.880569	152.098986	0.011014	15.6
971	-0.888973	152.013840	0.010635	16.3
972	-1.019154	151.928821	0.012232	15.9
973	-0.858062	151.843928	0.008196	15.6
974	-0.981505	151.759163	0.009330	15.9
975	-1.069763	151.674523	0.019176	15.7
976	-1.068658	151.590009	0.010887	15.6
977	-0.359197	151.505620	0.005171	15.7
978	-1.059763	151.421357	0.020379	15.5
979	-0.381749	151.337218	0.007219	15.5
980	-1.216713	151.253204	0.025861	15.6
981	-0.185607	151.169314	0.005761	15.7
982	-0.629232	151.085549	0.006394	15.6
983	-0.880006	151.001907	0.010390	15.8
984	-0.505188	150.918388	0.005389	15.8
985	-0.400230	150.834992	0.006720	15.8
986	-0.126253	150.751719	0.007169	15.5
987	-0.381381	150.668569	0.004220	15.7
988	-0.366658	150.585541	0.005147	15.5
989	-0.723813	150.502634	0.009922	15.6
990	-0.409536	150.419849	0.004956	15.6
991	-0.930866	150.337186	0.010130	15.4
992	-0.719777	150.254644	0.006027	15.4
993	-1.156858	150.172222	0.020730	15.7
994	-0.439201	150.089921	0.007148	15.6
995	-1.029168	150.007740	0.009758	15.6
996	-0.576337	149.925679	0.008768	15.7
997	-1.171136	149.843737	0.015493	16.2
998	-0.898272	149.761915	0.010206	15.7
999	-0.528166	149.680212	0.008683	15.6
1000	-0.497840	149.598627	0.006303	15.6
1001	-0.636161	149.517161	0.013220	15.6
1002	-0.338359	149.435814	0.006264	15.6
1003	-1.203511	149.354584	0.018364	15.6
1004	-0.919644	149.273472	0.009908	15.6
1005	-1.120334	149.192477	0.009806	15.6
1006	-0.913036	149.111599	0.011748	15.6
1007	-0.775916	149.030838	0.008328	15.6
1008	-0.858275	148.950194	0.010165	15.5
1009	-0.964184	148.869666	0.009335	16.2
1010	-1.060692	148.789253	0.020504	16.0
1011	-0.410645	148.708957	0.004787	15.8
1012	-0.890135	148.628776	0.008036	15.5
1013	-0.776016	148.548710	0.009804	15.7
1014	-0.505564	148.468759	0.005470	15.7
1015	-0.674344	148.388923	0.008392	15.4
1016	-0.301162	148.309201	0.008725	15.5
1017	-0.591197	148.229594	0.008133	15.6
1018	-1.048788	148.150100	0.011949	15.6
1019	-0.530065	148.070719	0.005942	15.7
1020	-0.657635	147.991452	0.006798	17.4
1021	-0.534282	147.912298	0.006574	15.7
1022	-1.095614	147.833257	0.014509	16.0
1023	-0.758058	147.754329	0.009600	15.9
1024	-0.941523	147.675512	0.009681	15.9
1025	-0.836355	147.596808	0.011336	15.5
1026	-0.599197	147.518216	0.009271	15.4
1027	-0.960990	147.439735	0.012638	15.5
1028	-1.059488	147.361365	0.015243	15.5
1029	-0.897019	147.283106	0.009738	15.5
1030	-0.935904	147.204958	0.013010	15.7
1031	-0.463227	147.126920	0.006435	15.6
1032	-0.923407	147.048993	0.018789	16.0
1033	-0.869202	146.971175	0.008759	16.4
1034	-0.466858	146.893468	0.005893	16.8
1035	-0.676877	146.815869	0.005667	16.1
1036	-0.627712	146.738380	0.006629	15.7
1037	-1.115042	146.661000	0.016282	16.1
1038	-1.002273	146.583729	0.010529	15.7
1039	-0.498216	146.506566	0.006554	15.5
1040	-0.780929	146.429511	0.007924	15.6
1041	-0.528473	146.352565	0.006774	15.6
1042	-0.481667	146.275726	0.003779	15.6
1043	-0.515013	146.198994	0.006690	15.6
1044	-0.349941	146.122370	0.007195	15.6
1045	-0.673631	146.045853	0.009432	15.6
1046	-0.900744	145.969442	0.016363	15.6
1047	-1.112771	145.893139	0.012615	15.5
1048	-0.923105	145.816941	0.007503	15.9
1049	-0.929251	145.740849	0.009090	16.1
1050	-0.765393	145.664863	0.008787	15.9
1051	-0.090631	145.588983	0.003557	15.7
1052	-0.486796	145.513208	0.007496	15.4
1053	-1.112416	145.437538	0.011068	15.7
1054	-1.069324	145.361973	0.012707	15.8
1055	-0.919654	145.286513	0.008813	15.5
1056	-1.164856	145.211157	0.016336	15.5
1057	-0.652285	145.135905	0.008569	15.6
1058	-0.587581	145.060757	0.005409	15.5
1059	-1.077082	144.985712	0.011661	15.6
1060	-0.592333	144.910771	0.007096	15.6
1061	-0.874582	144.835934	0.010528	16.2
1062	-1.085659	144.761199	0.010196	15.9
1063	-0.738461	144.686567	0.009161	16.0
1064	-0.881394	144.612037	0.014431	15.6
1065	-0.804661	144.537610	0.016259	15.6
1066	-1.198302	144.463285	0.014508	15.6
1067	-0.528923	144.389062	0.006944	15.7
1068	-1.089000	144.314940	0.012025	15.6
1069	-0.583127	144.240920	0.010161	15.6
1070	-0.712502	144.167001	0.007567	15.6
1071	-1.087667	144.093182	0.012031	15.4
1072	-0.396828	144.019465	0.004717	15.5
1073	-0.639744	143.945848	0.006968	15.6
1074	-0.188999	143.872331	0.005402	15.7
1075	-0.176988	143.798914	0.005223	15.8
1076	-0.618617	143.725597	0.008741	16.0
1077	-0.877044	143.652380	0.016548	15.6
1078	-0.944854	143.579262	0.010478	15.6
1079	-0.569790	143.506243	0.006801	15.7
1080	-0.830714	143.433323	0.009589	15.6
1081	-1.069920	143.360502	0.010765	15.6
1082	-1.036921	143.287780	0.015489	15.7
1083	-1.065005	143.215155	0.014300	15.5
1084	-0.785359	143.142629	0.009888	15.5
1085	-0.742370	143.070201	0.008461	15.6
1086	-0.536012	142.997870	0.004317	15.6
1087	-0.493281	142.925637	0.012599	16.1
1088	-0.763981	142.853501	0.008218	16.1
1089	-0.370937	142.781462	0.004973	16.1
1090	-0.521244	142.709519	0.011320	15.5
1091	-1.060574	142.637674	0.011680	15.5
1092	-0.854893	142.565924	0.007718	15.5
1093	-1.214036	142.494271	0.022926	15.6
1094	-0.678405	142.422714	0.007516	15.6
1095	-0.647717	142.351252	0.007859	15.7
1096	-0.083924	142.279886	0.003323	15.5
1097	-1.101521	142.208616	0.011701	15.6
1098	-0.732366	142.137440	0.010660	15.6
1099	-0.852272	142.066360	0.007185	15.6
1100	-0.767365	141.995374	0.007635	15.7
1101	-0.728942	141.924483	0.007819	16.0
1102	-0.727549	141.853685	0.008625	15.8
1103	-0.600841	141.782983	0.007392	15.5
1104	-0.788325	141.712373	0.010631	15.6
1105	-0.620333	141.641858	0.006878	15.8
1106	-0.588973	141.571436	0.006773	15.9
1107	-0.734105	141.501108	0.009652	15.7
1108	-1.105799	141.430872	0.012905	15.7
1109	-0.243450	141.360730	0.007458	15.5
1110	-0.463273	141.290680	0.005063	15.5
1111	-0.596294	141.220722	0.007730	15.7
1112	-0.664293	141.150857	0.008856	15.5
1113	-1.068581	141.081084	0.011711	15.6
1114	-0.782247	141.011403	0.008028	15.9
1115	-1.221216	140.941813	0.015499	15.8
1116	-0.611162	140.872315	0.006754	15.5
1117	-0.338379	140.802909	0.004146	15.6
1118	-0.803566	140.733593	0.009619	15.4
1119	-0.668857	140.664369	0.006729	15.6
1120	-1.133393	140.595235	0.015225	15.5
1121	-1.077344	140.526192	0.012322	15.6
1122	-1.226251	140.457239	0.022369	15.5
1123	-0.200960	140.388376	0.008595	15.6
1124	-0.890129	140.319603	0.010540	15.6
1125	-1.032130	140.250920	0.014122	15.5
1126	-1.057164	140.182326	0.016926	15.7
1127	-1.052542	140.113822	0.011299	17.9
1128	-1.122467	140.045407	0.015748	15.7
1129	-0.533165	139.977081	0.005984	15.6
1130	-0.582931	139.908844	0.006593	15.5
1131	-0.739198	139.840696	0.009446	15.6
1132	-0.544974	139.772635	0.006023	15.5
1133	-0.390809	139.704664	0.003741	15.6
1134	-1.215171	139.636780	0.021756	15.5
1135	-0.964630	139.568984	0.013941	15.6
1136	-0.409529	139.501276	0.005015	15.4
1137	-0.782538	139.433655	0.009018	15.5
1138	-0.887656	139.366122	0.006873	15.6
1139	-0.832121	139.298676	0.007965	16.0
1140	-0.685258	139.231317	0.006656	16.0
1141	-0.984601	139.164045	0.009976	15.7
1142	-0.669382	139.096859	0.008613	15.5
1143	-0.551235	139.029760	0.007715	15.6
1144	-0.940618	138.962747	0.009641	15.4
1145	-0.751985	138.895820	0.009303	15.5
1146	-0.483147	138.828978	0.005831	15.6
1147	-1.076858	138.762223	0.013918	16.5
1148	-1.033829	138.695553	0.009464	15.6
1149	-0.510792	138.628969	0.006502	15.6
1150	-1.162295	138.562469	0.012260	15.6
1151	-0.779902	138.496055	0.008797	15.5
1152	-0.904690	138.429725	0.009900	15.8
1153	-0.776547	138.363481	0.007099	15.9
1154	-1.033773	138.297320	0.013286	16.0
1155	-0.571443	138.231244	0.006824	15.6
1156	-0.492733	138.165252	0.008211	15.6
1157	-1.111885	138.099344	0.017268	15.6
1158	-1.077612	138.033520	0.012973	15.5
1159	-0.606080	137.967779	0.009029	15.7
1160	-0.491422	137.902122	0.005360	15.6
1161	-0.430007	137.836548	0.007138	15.7
1162	-0.894630	137.771057	0.010549	15.6
1163	-0.608132	137.705649	0.006260	15.7
1164	-0.478721	137.640324	0.007158	15.5
1165	-0.541668	137.575081	0.005846	15.7
1166	-0.822732	137.509921	0.010345	16.0
1167	-0.914113	137.444842	0.009711	15.8
1168	-0.739498	137.379846	0.009635	15.5
1169	-0.833285	137.314932	0.009526	15.6
1170	-0.389823	137.250100	0.005753	15.4
1171	-0.746188	137.185349	0.008410	15.7
1172	-0.610168	137.120680	0.006288	15.5
1173	-0.527861	137.056092	0.005685	15.3
1174	-0.804915	136.991585	0.009355	15.5
1175	-0.915599	136.927158	0.010489	15.5
1176	-0.929148	136.862813	0.014249	15.6
1177	-0.439703	136.798548	0.006485	15.6
1178	-0.704934	136.734363	0.007184	15.6
1179	-0.948960	136.670259	0.009522	16.0
1180	-0.538284	136.606235	0.006858	15.8
1181	-0.825206	136.542291	0.010952	15.5
1182	-0.980070	136.478426	0.012708	15.5
1183	-0.575290	136.414641	0.007906	15.6
1184	-0.849057	136.350936	0.010172	15.6
1185	-1.001790	136.287310	0.014474	15.6
1186	-0.977961	136.223763	0.009252	15.5
1187	-0.574561	136.160295	0.006019	15.6
1188	-0.646201	136.096905	0.007139	15.6
1189	-0.625942	136.033594	0.006102	15.5
1190	-0.904627	135.970362	0.016780	15.7
1191	-0.926040	135.907208	0.011352	15.9
1192	-1.064326	135.844133	0.012929	15.8
1193	-0.957939	135.781135	0.009533	15.8
1194	-0.707746	135.718215	0.008394	15.6
1195	-0.892637	135.655373	0.010198	15.6
1196	-0.574259	135.592608	0.006283	15.5
1197	-0.780201	135.529921	0.007389	15.6
1198	-0.680819	135.467311	0.007007	15.7
1199	-0.504402	135.404778	0.005873	15.7
1200	-0.664399	135.342322	0.008253	15.6
1201	-1.005739	135.279942	0.012001	15.5
1202	-0.519633	135.217640	0.007333	15.5
1203	-0.147312	135.155413	0.005032	15.7
1204	-0.657967	135.093263	0.008228	16.0
1205	-0.136111	135.031190	0.003213	15.9
1206	-1.101953	134.969192	0.014085	15.8
1207	-0.899614	134.907270	0.009320	15.6
1208	-1.085864	134.845424	0.012554	15.6
1209	-0.738993	134.783653	0.008652	15.6
1210	-0.881908	134.721958	0.008505	15.5
1211	-0.697150	134.660338	0.007768	15.7
1212	-0.851954	134.598793	0.010199	15.5
1213	-1.068355	134.537323	0.015227	15.6
1214	-1.054809	134.475927	0.016649	15.6
1215	-0.572216	134.414607	0.007595	15.7
1216	-0.393807	134.353361	0.006402	15.4
1217	-0.424460	134.292189	0.004593	16.3
1218	-1.138955	134.231092	0.012771	15.8
1219	-0.744460	134.170068	0.007410	15.7
1220	-0.922961	134.109119	0.010476	15.6
1221	-1.005633	134.048243	0.010351	15.6
1222	-0.588951	133.987441	0.006261	15.7
1223	-0.982562	133.926713	0.013999	15.6
1224	-0.698661	133.866057	0.006529	15.4
1225	-0.483269	133.805475	0.004913	15.4
1226	-0.229113	133.744966	0.005126	15.6
1227	-0.657349	133.684530	0.005857	15.6
1228	-0.577993	133.624167	0.009588	15.5
1229	-0.911643	133.563877	0.017836	15.5
1230	-0.851906	133.503658	0.010973	15.8
1231	-0.880866	133.443513	0.010927	16.0
1232	-0.857301	133.383439	0.010720	15.9
1233	-0.597807	133.323437	0.006549	15.7
1234	-0.945067	133.263508	0.011080	15.4
1235	-0.736341	133.203650	0.009550	15.5
1236	-0.856795	133.143864	0.009328	15.7
1237	-0.786417	133.084149	0.009933	16.4
1238	-0.760305	133.024506	0.012584	16.6
1239	-0.651603	132.964934	0.008164	15.6
1240	-0.510088	132.905433	0.006502	15.6
1241	-0.981094	132.846003	0.011327	15.6
1242	-0.550769	132.786643	0.005492	15.5
1243	-1.097589	132.727355	0.013570	15.8
1244	-0.696815	132.668137	0.007656	16.0
1245	-1.135717	132.608989	0.017599	15.9
1246	-0.652724	132.549912	0.007643	15.6
1247	-0.708139	132.490904	0.008326	15.5
1248	-0.824078	132.431967	0.010543	15.5
1249	-1.063518	132.373100	0.015616	15.9
1250	-0.555392	132.314302	0.010698	15.5
1251	-0.870412	132.255574	0.011675	15.6
1252	-0.695767	132.196916	0.009291	15.5
1253	-0.915787	132.138326	0.010626	15.6
1254	-0.704435	132.079806	0.009807	15.7
1255	-0.385789	132.021355	0.010575	15.6
1256	-0.957562	131.962973	0.011104	15.7
1257	-1.087344	131.904660	0.015937	15.8
1258	-0.518187	131.846415	0.007873	16.1
1259	-1.179755	131.788239	0.017508	15.5
1260	-0.935269	131.730131	0.011764	15.6
1261	-0.807213	131.672092	0.011011	15.4
1262	-0.745432	131.614121	0.010345	15.6
1263	-0.458917	131.556217	0.007917	15.6
1264	-0.883541	131.498382	0.010167	15.6
1265	-0.744689	131.440614	0.009540	15.5
1266	-0.333047	131.382914	0.003554	15.6
1267	-1.058239	131.325282	0.012516	15.6
1268	-0.909858	131.267717	0.013725	15.6
1269	-0.337097	131.210219	0.004427	15.7
1270	-1.038620	131.152788	0.015739	15.7
1271	-0.639245	131.095424	0.006094	16.0
1272	-0.749934	131.038127	0.008701	15.6
1273	-0.069684	130.980897	0.003633	15.8
1274	-0.945503	130.923733	0.012767	15.8
1275	-0.955212	130.866636	0.010627	15.4
1276	-0.698059	130.809605	0.008187	15.4
1277	-1.090241	130.752641	0.011417	15.5
1278	-1.093210	130.695742	0.014741	15.6
1279	-0.658868	130.638910	0.009179	15.6
1280	-0.493984	130.582143	0.006507	15.5
1281	-0.325975	130.525442	0.007139	15.7
1282	-0.469510	130.468807	0.006170	15.8
1283	-0.830371	130.412237	0.008613	15.8
1284	-0.828374	130.355733	0.014770	16.3
1285	-0.835865	130.299294	0.007704	15.5
1286	-0.837478	130.242920	0.010280	15.7
1287	-0.818044	130.186611	0.007486	15.7
1288	-0.094910	130.130366	0.002473	15.6
1289	-0.820447	130.074187	0.010744	15.6
1290	-1.086562	130.018072	0.018599	15.4
1291	-0.775680	129.962022	0.009232	15.6
1292	-0.059199	129.906036	0.002048	15.5
1293	-0.733829	129.850114	0.008903	15.6
1294	-0.994670	129.794257	0.013829	15.5
1295	-1.053245	129.738463	0.011782	15.7
1296	-0.957717	129.682734	0.009980	15.8
1297	-0.935723	129.627068	0.011895	16.0
1298	-0.720303	129.571466	0.009584	15.5
1299	-0.637414	129.515927	0.005879	15.5
1300	-0.755418	129.460452	0.008399	15.7
1301	-0.155296	129.405040	0.005022	15.6
1302	-0.456223	129.349692	0.006338	15.7
1303	-0.469286	129.294406	0.009741	15.5
1304	-0.377487	129.239183	0.005163	15.6
1305	-0.293604	129.184024	0.006102	15.5
1306	-0.010399	129.128927	0.001600	15.6
1307	-0.793670	129.073892	0.006932	15.6
1308	-0.762289	129.018921	0.011619	15.6
1309	-0.454308	128.964011	0.005619	15.8
1310	-1.027864	128.909164	0.010230	15.8
1311	-0.909976	128.854379	0.011390	15.6
1312	-0.322173	128.799656	0.009868	15.5
1313	-0.624787	128.744995	0.006464	15.5
1314	-1.120263	128.690396	0.019335	15.5
1315	-0.596700	128.635858	0.007483	15.7
1316	-0.074104	128.581382	0.003839	15.6
1317	-0.678205	128.526968	0.006646	15.6
1318	-0.964924	128.472615	0.009328	15.7
1319	-0.623470	128.418323	0.007344	15.8
1320	-0.365624	128.364092	0.004156	15.6
1321	-0.903881	128.309922	0.009121	16.0
1322	-0.702849	128.255814	0.008538	15.9
1323	-0.909245	128.201766	0.008805	15.9
1324	-0.980412	128.147778	0.009879	15.6
1325	-0.646233	128.093852	0.007427	15.7
1326	-0.729130	128.039985	0.008096	15.6
1327	-0.798153	127.986180	0.007811	15.6
1328	-0.624250	127.932434	0.007806	15.7
1329	-0.855610	127.878749	0.010070	15.7
1330	-0.713668	127.825123	0.008039	15.6
1331	-1.198925	127.771558	0.013534	15.6
1332	-1.224040	127.718052	0.013599	15.7
1333	-1.220838	127.664606	0.011368	15.5
1334	-0.686514	127.611220	0.008341	15.8
1335	-0.602550	127.557893	0.006555	15.8
1336	-0.914399	127.504625	0.010059	15.7
1337	-0.311811	127.451417	0.005627	15.7
1338	-1.179760	127.398268	0.014085	17.6
1339	-0.574318	127.345178	0.005336	15.5
1340	-1.056289	127.292147	0.011758	15.6
1341	-0.480820	127.239175	0.005476	15.5
1342	-0.980501	127.186261	0.014464	15.5
1343	-0.539946	127.133407	0.007376	15.5
1344	-0.921072	127.080610	0.010988	15.6
1345	-0.639404	127.027872	0.006522	15.6
1346	-1.107130	126.975193	0.013664	15.6
1347	-0.733600	126.922572	0.009558	15.9
1348	-0.529803	126.870008	0.007360	15.8
1349	-0.964635	126.817503	0.014237	15.8
1350	-0.591167	126.765056	0.008782	15.6
1351	-0.556060	126.712667	0.006817	15.6
1352	-0.591028	126.660335	0.008696	15.5
1353	-0.652991	126.608061	0.012719	15.6
1354	-0.785125	126.555844	0.008630	15.6
1355	-0.008786	126.503685	0.001050	15.6
1356	-1.108119	126.451583	0.010737	15.5
1357	-0.759649	126.399538	0.007286	15.7
1358	-0.000042	126.347550	0.000010	15.7
1359	-0.773468	126.295619	0.010795	15.5
1360	-0.597297	126.243745	0.007647	15.6
1361	-0.791552	126.191928	0.006681	15.9
1362	-1.151036	126.140168	0.012570	15.8
1363	-0.708793	126.088464	0.007835	15.5
1364	-0.697414	126.036817	0.008218	15.4
1365	-0.690438	125.985226	0.006172	15.5
1366	-1.082816	125.933691	0.013506	15.6
1367	-0.482178	125.882212	0.005328	15.6
1368	-0.566201	125.830790	0.006842	15.5
1369	-0.510678	125.779423	0.005456	15.6
1370	-0.576923	125.728113	0.006054	15.6
1371	-0.738952	125.676858	0.008745	15.5
1372	-0.781433	125.625659	0.009273	15.4
1373	-0.227010	125.574515	0.006618	15.6
1374	-0.893615	125.523427	0.009069	16.3
1375	-0.637756	125.472394	0.005751	16.1
1376	-0.957490	125.421417	0.010000	15.7
1377	-0.658123	125.370495	0.007305	15.5
1378	-0.777138	125.319628	0.008569	15.5
1379	-1.118049	125.268815	0.010505	15.8
1380	-0.546722	125.218058	0.006500	15.4
1381	-1.043782	125.167356	0.012492	15.5
1382	-0.517258	125.116708	0.008119	15.7
1383	-0.965033	125.066115	0.015458	15.7
1384	-0.757563	125.015576	0.009259	15.5
1385	-1.048870	124.965092	0.011857	15.7
1386	-0.364543	124.914662	0.004432	16.2
1387	-0.626015	124.864287	0.009254	15.9
1388	-0.595016	124.813965	0.007901	15.7
1389	-0.892928	124.763698	0.014698	15.7
1390	-0.652064	124.713485	0.008657	15.6
1391	-0.554376	124.663325	0.007593	15.6
1392	-0.925994	124.613219	0.008759	15.6
1393	-0.954237	124.563167	0.011902	15.6
1394	-1.024023	124.513168	0.009020	15.6
1395	-0.612113	124.463223	0.009367	15.6
1396	-0.982592	124.413332	0.014239	15.5
1397	-0.153291	124.363493	0.005312	15.5
1398	-0.986524	124.313708	0.009779	15.6
1399	-0.917980	124.263976	0.010745	15.8
1400	-1.086791	124.214297	0.011086	15.8
1401	-0.906134	124.164671	0.015286	15.8
1402	-0.437524	124.115097	0.006948	15.6
1403	-0.659062	124.065577	0.009727	15.6
1404	-0.447711	124.016109	0.005915	15.6
1405	-0.705025	123.966693	0.008019	15.6
1406	-0.941795	123.917330	0.009068	15.6
1407	-0.573518	123.868020	0.009706	15.6
1408	-0.615632	123.818762	0.005239	15.6
1409	-1.019895	123.769556	0.009680	15.4
1410	-0.880513	123.720402	0.011303	15.6
1411	-0.346037	123.671300	0.003499	15.5
1412	-0.634346	123.622250	0.006416	15.7
1413	-1.194337	123.573252	0.010966	16.1
1414	-0.620544	123.524305	0.006311	15.6
1415	-0.940531	123.475411	0.010911	15.8
1416	-0.557796	123.426568	0.007538	15.6
1417	-0.461219	123.377776	0.007518	15.4
1418	-0.729280	123.329036	0.009102	15.6
1419	-0.954311	123.280347	0.009053	15.6
1420	-0.843393	123.231709	0.009365	15.5
1421	-1.024901	123.183122	0.011178	15.7
1422	-0.771094	123.134587	0.006953	15.6
1423	-0.902772	123.086102	0.009622	15.5
1424	-0.895248	123.037669	0.007892	15.5
1425	-0.826003	122.989286	0.010115	15.7
1426	-0.865319	122.940954	0.012823	15.9
1427	-0.691079	122.892672	0.010709	16.2
1428	-0.970979	122.844441	0.014010	15.5
1429	-0.970330	122.796261	0.011801	15.5
1430	-1.152998	122.748130	0.017465	15.6
1431	-0.836479	122.700050	0.010009	15.6
1432	-1.075451	122.652021	0.012309	15.5
1433	-0.986313	122.604041	0.013967	15.6
1434	-0.918740	122.556111	0.009261	15.7
1435	-0.465198	122.508232	0.008954	15.6
1436	-1.073692	122.460402	0.009839	15.5
1437	-0.606819	122.412622	0.006552	15.6
1438	-1.039137	122.364891	0.011752	15.7
1439	-0.626743	122.317210	0.006073	15.9
1440	-0.192187	122.269579	0.004643	16.0
1441	-0.736961	122.221997	0.007836	15.5
1442	-0.629651	122.174465	0.005576	15.5
1443	-0.893577	122.126981	0.009106	15.6
1444	-0.761800	122.079547	0.007497	15.6
1445	-0.510775	122.032162	0.005822	16.0
1446	-0.998911	121.984826	0.013125	15.5
1447	-0.803669	121.937539	0.008755	15.5
1448	-0.937115	121.890301	0.009303	15.5
1449	-0.973724	121.843112	0.011647	15.6
1450	-1.120404	121.795971	0.014612	15.4
1451	-0.590419	121.748879	0.007615	15.8
1452	-0.502268	121.701835	0.006618	15.8
1453	-0.472941	121.654840	0.008451	15.9
1454	-0.937894	121.607893	0.010972	15.5
1455	-1.053630	121.560994	0.010373	15.5
1456	-0.941130	121.514144	0.009995	15.6
1457	-0.987165	121.467342	0.013566	15.5
1458	-1.129985	121.420588	0.019357	15.6
1459	-0.707609	121.373882	0.008678	15.6
1460	-0.536715	121.327223	0.009027	15.5
1461	-0.441386	121.280613	0.005443	15.5
1462	-0.499532	121.234050	0.008334	15.7
1463	-0.448329	121.187535	0.005269	15.6
1464	-0.648283	121.141067	0.006003	15.6
1465	-0.576791	121.094647	0.009176	16.0
1466	-0.642153	121.048274	0.006813	15.9
1467	-0.507131	121.001949	0.005853	15.5
1468	-1.016083	120.955671	0.013241	15.5
1469	-0.870329	120.909440	0.008812	15.6
1470	-0.825634	120.863256	0.008395	15.6
1471	-0.899744	120.817119	0.008334	15.5
1472	-0.667879	120.771029	0.008309	15.7
1473	-0.824253	120.724986	0.008483	15.6
1474	-1.011928	120.678990	0.012126	15.5
1475	-1.147195	120.633040	0.019746	15.7
1476	-0.765153	120.587137	0.013314	15.7
1477	-0.624069	120.541281	0.006915	15.8
1478	-0.942488	120.495471	0.010359	16.2
1479	-0.933521	120.449707	0.009417	15.8
1480	-0.899805	120.403990	0.011646	15.6
1481	-0.806932	120.358319	0.007550	15.7
1482	-0.749503	120.312694	0.008607	15.6
1483	-1.025483	120.267115	0.012171	15.6
1484	-1.030950	120.221582	0.019901	15.6
1485	-0.413933	120.176096	0.007634	15.7
1486	-0.991224	120.130655	0.009655	15.6
1487	-0.816299	120.085260	0.010995	15.6
1488	-1.110498	120.039910	0.011341	15.5
1489	-0.868411	119.994606	0.008733	15.7
1490	-0.937608	119.949348	0.010591	15.9
1491	-0.767875	119.904135	0.008740	16.1
1492	-0.935674	119.858968	0.009961	15.7
1493	-1.133374	119.813846	0.011138	15.6
1494	-1.170794	119.768769	0.011526	15.5
1495	-0.478333	119.723738	0.005816	15.6
1496	-1.137294	119.678752	0.013001	15.5
1497	-0.785966	119.633810	0.010473	15.7
1498	-0.610075	119.588914	0.005890	15.7
1499	-0.692620	119.544062	0.007810	15.6
1500	-0.605169	119.499256	0.005904	15.5
1501	-1.000833	119.454494	0.011552	15.6
1502	-0.921087	119.409777	0.009558	15.5
1503	-0.473982	119.365104	0.005841	16.1
1504	-0.729129	119.320476	0.008495	16.0
1505	-1.006914	119.275893	0.010471	15.9
1506	-0.442661	119.231353	0.005298	15.5
1507	-1.131886	119.186859	0.015167	15.6
1508	-0.545892	119.142408	0.005547	15.6
1509	-1.102467	119.098002	0.009748	15.6
1510	-0.727645	119.053639	0.006790	15.7
1511	-0.642626	119.009321	0.010545	15.5
1512	-0.967466	118.965047	0.014449	15.6
1513	-0.543520	118.920816	0.009233	15.5
1514	-1.116378	118.876630	0.014070	15.4
1515	-0.869677	118.832487	0.009331	15.6
1516	-0.696071	118.788388	0.006676	15.6
1517	-0.174413	118.744332	0.005586	16.1
1518	-0.868519	118.700320	0.011121	15.9
1519	-0.340583	118.656352	0.007272	15.6
1520	-0.365736	118.612427	0.006899	15.4
1521	-0.331622	118.568545	0.006205	15.6
1522	-0.665217	118.524706	0.007240	15.6
1523	-1.136996	118.480911	0.012084	15.6
1524	-0.390943	118.437159	0.005807	15.5
1525	-0.461345	118.393450	0.006386	15.6
1526	-1.121339	118.349784	0.010734	15.6
1527	-0.846157	118.306160	0.008555	15.6
1528	-1.092075	118.262580	0.014144	15.5
1529	-0.956520	118.219042	0.010666	15.9
1530	-0.810974	118.175548	0.009543	15.7
1531	-1.010859	118.132095	0.011032	15.8
1532	-0.984712	118.088686	0.009310	15.5
1533	-0.573940	118.045319	0.006113	15.7
1534	-0.669313	118.001994	0.007838	15.7
1535	-0.726026	117.958712	0.009113	15.5
1536	-0.417458	117.915472	0.007264	15.6
1537	-0.528412	117.872274	0.005769	15.6
1538	-0.494241	117.829118	0.005159	15.5
1539	-0.885801	117.786005	0.012532	15.5
1540	-0.727712	117.742933	0.010333	15.6
1541	-0.989426	117.699904	0.007523	15.6
1542	-0.790824	117.656916	0.008173	15.9
1543	-0.604730	117.613971	0.007273	15.8
1544	-0.578518	117.571067	0.006921	15.7
1545	-0.250919	117.528205	0.004381	15.6
1546	-0.608314	117.485384	0.006198	15.6
1547	-0.523723	117.442605	0.005289	15.6
1548	-0.789797	117.399867	0.008921	15.5
1549	-0.501071	117.357171	0.006459	15.6
1550	-0.622668	117.314517	0.008816	15.7
1551	-0.986688	117.271903	0.012139	15.6
1552	-1.000615	117.229331	0.011270	15.6
1553	-1.034655	117.186800	0.012507	15.7
1554	-0.602607	117.144311	0.008225	15.6
1555	-0.983935	117.101862	0.009354	15.8
1556	-1.070562	117.059454	0.009724	15.6
1557	-0.414413	117.017087	0.007825	16.0
1558	-0.572452	116.974762	0.006324	15.6
1559	-0.352987	116.932476	0.005271	15.6
1560	-1.096159	116.890232	0.014817	15.7
1561	-1.058203	116.848028	0.009963	15.7
1562	-1.156401	116.805865	0.017424	15.5
1563	-1.043892	116.763743	0.011030	15.6
1564	-0.724613	116.721661	0.008311	15.5
1565	-0.481722	116.679619	0.005776	15.4
1566	-0.652131	116.637618	0.008814	15.5
1567	-1.019540	116.595657	0.013714	15.7
1568	-0.889074	116.553736	0.012617	15.9
1569	-1.115428	116.511855	0.010337	16.1
1570	-0.352900	116.470015	0.006442	15.7
1571	-0.910066	116.428214	0.010020	15.5
1572	-1.212807	116.386454	0.013859	15.3
1573	-0.833463	116.344733	0.008729	15.6
1574	-0.766747	116.303052	0.015368	15.7
1575	-1.032307	116.261412	0.011350	15.9
1576	-1.198970	116.219810	0.013947	15.6
1577	-0.679096	116.178249	0.008604	15.7
1578	-0.473057	116.136727	0.006780	15.6
1579	-0.612398	116.095245	0.006969	15.5
1580	-0.895626	116.053802	0.009077	15.5
1581	-0.881596	116.012398	0.014307	15.8
1582	-0.509806	115.971034	0.006320	15.9
1583	-0.196849	115.929710	0.007124	15.8
1584	-0.484128	115.888424	0.006200	15.5
1585	-0.675305	115.847178	0.009051	15.4
1586	-0.956441	115.805970	0.008203	15.5
1587	-0.739477	115.764802	0.007897	15.6
1588	-0.867773	115.723673	0.009219	15.6
1589	-0.978430	115.682583	0.014704	15.6
1590	-0.657392	115.641532	0.009230	15.6
1591	-0.200598	115.600519	0.004203	15.6
1592	-0.610523	115.559546	0.006609	15.7
1593	-0.401437	115.518610	0.006075	15.7
1594	-0.904855	115.477714	0.014874	15.7
1595	-0.620259	115.436856	0.007613	15.9
1596	-0.370579	115.396037	0.010978	15.7
1597	-0.852079	115.355256	0.007427	15.5
1598	-0.439566	115.314514	0.006513	15.3
1599	-0.728438	115.273810	0.007377	15.5
1600	-0.642544	115.233144	0.006046	15.7
1601	-0.754292	115.192517	0.013487	15.6
1602	-0.812446	115.151927	0.006258	15.5
1603	-0.819989	115.111376	0.010611	15.6
1604	-0.463175	115.070863	0.006475	15.6
1605	-0.813015	115.030388	0.009067	15.5
1606	-0.947414	114.989951	0.010117	15.6
1607	-0.950173	114.949551	0.009768	15.7
1608	-0.500480	114.909190	0.007427	15.8
1609	-0.839528	114.868866	0.008049	15.7
1610	-0.991057	114.828580	0.011067	15.6
1611	-0.730009	114.788332	0.010846	15.5
1612	-0.944009	114.748121	0.009037	15.7
1613	-0.655396	114.707948	0.007867	15.7
1614	-0.775973	114.667812	0.008331	15.5
1615	-0.434368	114.627714	0.004847	15.5
1616	-0.626019	114.587653	0.007086	15.6
1617	-0.560707	114.547629	0.006554	15.4
1618	-0.654858	114.507643	0.007443	15.5
1619	-0.535785	114.467693	0.004934	15.6
1620	-0.983890	114.427781	0.009694	15.6
1621	-0.796432	114.387907	0.008601	16.0
1622	-0.320629	114.348069	0.004448	15.9
1623	-0.668524	114.308268	0.010740	15.6
1624	-0.984268	114.268504	0.018383	15.6
1625	-1.177285	114.228777	0.014395	15.7
1626	-0.845322	114.189086	0.009376	15.6
1627	-0.419243	114.149433	0.004296	15.6
1628	-0.540642	114.109816	0.004452	15.6
1629	-0.546234	114.070235	0.006356	15.4
1630	-0.672962	114.030692	0.008259	15.5
1631	-0.499144	113.991185	0.006009	15.6
1632	-0.591345	113.951714	0.009602	15.7
1633	-0.710965	113.912280	0.009327	15.7
1634	-0.017747	113.872882	0.000983	16.2
1635	-0.640205	113.833521	0.008940	15.8
1636	-0.809590	113.794195	0.011374	15.6
1637	-1.142419	113.754906	0.017440	15.6
1638	-0.733311	113.715653	0.009949	15.8
1639	-1.053223	113.676437	0.014574	15.6
1640	-0.708186	113.637256	0.008974	15.5
1641	-1.077151	113.598111	0.010017	15.7
1642	-1.054964	113.559002	0.013116	15.6
1643	-0.547937	113.519929	0.007146	15.4
1644	-0.843130	113.480892	0.012573	15.6
1645	-0.998622	113.441891	0.011154	15.5
1646	-0.562610	113.402925	0.005981	15.8
1647	-1.024685	113.363995	0.012752	15.9
1648	-0.862613	113.325101	0.011887	15.8
1649	-0.904609	113.286242	0.009782	15.5
1650	-0.493031	113.247419	0.007308	15.6
1651	-0.447943	113.208631	0.005331	15.7
1652	-0.742255	113.169879	0.007955	15.5
1653	-1.015692	113.131162	0.012271	15.8
1654	-1.110446	113.092480	0.010323	15.7
1655	-0.385328	113.053833	0.004270	15.6
1656	-0.838736	113.015222	0.008770	15.6
1657	-0.638702	112.976646	0.007420	15.9
1658	-0.415542	112.938105	0.005191	15.9
1659	-1.032299	112.899599	0.014047	15.9
1660	-1.007663	112.861128	0.010708	16.1
1661	-0.807302	112.822692	0.015090	16.1
1662	-0.562873	112.784291	0.006111	15.4
1663	-0.683606	112.745924	0.007465	15.7
1664	-0.109167	112.707593	0.003126	15.5
1665	-0.805449	112.669296	0.009076	15.6
1666	-0.422106	112.631034	0.005076	15.6
1667	-1.141342	112.592806	0.011153	15.6
1668	-0.599162	112.554613	0.007108	15.5
1669	-0.809673	112.516455	0.010039	15.5
1670	-1.059756	112.478331	0.009935	15.6
1671	-0.589920	112.440241	0.009012	15.7
1672	-0.759145	112.402186	0.010510	15.8
1673	-0.875758	112.364165	0.008314	15.9
1674	-1.072537	112.326179	0.016696	15.8
1675	-0.876940	112.288227	0.008755	15.7
1676	-0.857324	112.250309	0.010047	15.7
1677	-1.142572	112.212425	0.015018	15.5
1678	-0.905326	112.174575	0.008487	16.9
1679	-1.031087	112.136759	0.012051	17.1
1680	-1.017792	112.098977	0.013802	17.2
1681	-1.000459	112.061229	0.011911	15.6
1682	-0.498586	112.023515	0.008299	15.6
1683	-0.561783	111.985834	0.007168	15.5
1684	-0.344728	111.948188	0.003225	15.6
1685	-1.117575	111.910575	0.014150	15.8
1686	-0.999724	111.872996	0.009556	16.0
1687	-0.637771	111.835450	0.005354	15.8
1688	-1.018122	111.797939	0.009612	15.6
1689	-0.576451	111.760460	0.006819	15.6
1690	-0.469074	111.723015	0.006151	15.5
1691	-0.486678	111.685604	0.009072	15.6
1692	-0.712303	111.648226	0.007854	15.6
1693	-0.885405	111.610881	0.009118	15.7
1694	-0.753980	111.573570	0.008506	15.5
1695	-0.916918	111.536292	0.011136	15.7
1696	-0.039022	111.499047	0.001439	15.6
1697	-0.458156	111.461835	0.007221	15.6
1698	-0.771128	111.424656	0.010223	15.8
1699	-1.046905	111.387510	0.011871	16.0
1700	-0.359218	111.350398	0.005192	15.9
1701	-0.568778	111.313318	0.006571	15.7
1702	-1.236245	111.276271	0.020442	15.4
1703	-1.245365	111.239257	0.017117	15.5
1704	-1.119784	111.202276	0.011816	15.5
1705	-0.897625	111.165328	0.010773	15.6
1706	-0.952466	111.128412	0.010677	15.6
1707	-0.854886	111.091529	0.007323	15.6
1708	-1.044028	111.054679	0.012731	15.6
1709	-0.375429	111.017861	0.004079	15.7
1710	-0.501892	110.981076	0.005421	15.6
1711	-0.000107	110.944323	0.000032	15.7
1712	-0.771729	110.907603	0.007617	16.2
1713	-1.041454	110.870915	0.015486	15.7
1714	-0.929241	110.834259	0.008316	15.7
1715	-0.710246	110.797636	0.006448	15.6
1716	-1.031647	110.761045	0.009842	15.6
1717	-0.584827	110.724486	0.009500	15.7
1718	-0.891369	110.687959	0.008362	15.7
1719	-0.962839	110.651465	0.009170	15.6
1720	-0.521846	110.615002	0.006373	15.6
1721	-0.866351	110.578572	0.008271	15.6
1722	-0.704277	110.542173	0.008867	15.5
1723	-0.701508	110.505807	0.006322	15.5
1724	-0.535930	110.469472	0.008352	15.7
1725	-1.061229	110.433169	0.014076	15.8
1726	-0.646013	110.396898	0.006513	15.8
1727	-0.668250	110.360659	0.007448	15.6
1728	-0.588271	110.324451	0.005930	15.6
1729	-0.750808	110.288276	0.007264	16.6
1730	-0.430258	110.252131	0.006363	16.1
1731	-0.733152	110.216019	0.006453	15.6
1732	-0.828332	110.179937	0.009126	15.6
1733	-0.441347	110.143888	0.004247	15.7
1734	-0.702902	110.107869	0.007354	15.6
1735	-0.713817	110.071882	0.009221	15.6
1736	-0.504896	110.035927	0.005395	15.6
1737	-0.969095	110.000003	0.011219	16.1
1738	-1.051344	109.964110	0.012253	16.0
1739	-0.561264	109.928248	0.004250	15.8
1740	-1.014083	109.892417	0.009530	15.7
1741	-0.651889	109.856618	0.006749	15.6
1742	-0.987284	109.820850	0.010009	15.6
1743	-0.524935	109.785112	0.007624	15.5
1744	-1.064235	109.749406	0.012199	15.6
1745	-1.090209	109.713730	0.012151	15.4
1746	-0.725102	109.678086	0.008969	15.6
1747	-1.138786	109.642472	0.012125	15.7
1748	-0.152978	109.606890	0.005183	15.6
1749	-0.653334	109.571337	0.008635	15.7
1750	-0.573932	109.535816	0.007526	15.8
1751	-1.102024	109.500326	0.013738	16.0
1752	-0.412990	109.464866	0.005537	15.8
1753	-1.253854	109.429436	0.019457	15.6
1754	-0.624682	109.394038	0.006322	15.6
1755	-0.479830	109.358669	0.007917	15.6
1756	-1.150661	109.323331	0.016421	15.6
1757	-0.544987	109.288024	0.005871	15.6
1758	-0.613557	109.252747	0.007059	15.4
1759	-0.719104	109.217501	0.008749	15.6
1760	-0.911759	109.182284	0.009493	15.5
1761	-1.147063	109.147098	0.014512	15.5
1762	-0.402386	109.111942	0.005134	15.5
1763	-0.736792	109.076817	0.007755	15.6
1764	-0.579476	109.041721	0.010751	16.0
1765	-0.545236	109.006656	0.005933	15.9
1766	-0.968692	108.971620	0.011791	15.5
1767	-0.143035	108.936615	0.004028	15.6
1768	-0.737141	108.901640	0.007811	15.6
1769	-0.409366	108.866694	0.007123	15.6
1770	-0.786032	108.831779	0.009932	15.6
1771	-0.510735	108.796893	0.005260	15.6
1772	-0.731661	108.762037	0.008162	15.5
1773	-0.820405	108.727211	0.006735	15.6
1774	-1.019140	108.692415	0.015465	15.6
1775	-0.704194	108.657648	0.006341	15.6
1776	-0.552304	108.622911	0.007653	15.8
1777	-0.968851	108.588203	0.011610	15.9
1778	-0.969122	108.553525	0.009699	15.8
1779	-0.635548	108.518877	0.008977	15.4
1780	-0.607647	108.484258	0.005784	15.5
1781	-1.207745	108.449668	0.024245	15.6
1782	-0.633467	108.415108	0.006108	15.6
1783	-0.768547	108.380578	0.011359	15.6
1784	-0.938793	108.346076	0.010357	15.7
1785	-0.821371	108.311604	0.007082	15.6
1786	-0.904455	108.277161	0.011933	15.7
1787	-0.542678	108.242747	0.005483	15.7
1788	-0.854433	108.208363	0.007740	15.5
1789	-0.578345	108.174007	0.009287	15.6
1790	-1.104475	108.139681	0.010313	16.0
1791	-0.554578	108.105383	0.007787	15.8
1792	-0.689932	108.071115	0.008643	15.5
1793	-0.919280	108.036875	0.009292	15.5
1794	-0.761853	108.002665	0.010541	15.6
1795	-1.146599	107.968483	0.022858	15.6
1796	-1.032192	107.934330	0.009486	15.6
1797	-0.536471	107.900206	0.006391	15.7
1798	-0.486959	107.866111	0.004627	15.6
1799	-0.710827	107.832044	0.007303	15.6
1800	-0.956800	107.798007	0.011882	15.6
1801	-0.513252	107.763997	0.005332	15.6
1802	-0.805255	107.730017	0.010936	15.7
1803	-0.955096	107.696065	0.012793	16.0
1804	-0.784067	107.662141	0.008270	16.0
1805	-0.726384	107.628246	0.011709	15.7
1806	-0.885788	107.594379	0.010625	15.6
1807	-0.974265	107.560541	0.016077	15.5
1808	-0.423402	107.526731	0.005690	15.4
1809	-0.837717	107.492949	0.008618	15.6
1810	-1.235400	107.459196	0.015717	15.9
1811	-0.622421	107.425471	0.007168	15.6
1812	-0.680102	107.391774	0.007968	15.5
1813	-1.116902	107.358106	0.013995	15.6
1814	-0.844984	107.324465	0.010041	15.6
1815	-0.710534	107.290853	0.008297	15.6
1816	-0.758329	107.257268	0.007401	15.9
1817	-1.127415	107.223712	0.012615	15.9
1818	-1.013722	107.190184	0.010702	15.5
1819	-1.191268	107.156683	0.016000	15.5
1820	-0.616973	107.123211	0.007003	15.6
1821	-0.652930	107.089766	0.008034	15.6
1822	-0.660207	107.056349	0.007727	15.8
1823	-0.842230	107.022960	0.008979	15.6
1824	-0.747580	106.989599	0.009144	15.6
1825	-0.212178	106.956265	0.007140	15.6
1826	-0.506136	106.922960	0.009002	15.6
1827	-0.785113	106.889681	0.008749	15.5
1828	-0.983345	106.856431	0.009888	16.0
1829	-0.618039	106.823208	0.006691	16.2
1830	-0.427957	106.790012	0.006769	15.8
1831	-0.545868	106.756844	0.005031	15.6
1832	-0.470475	106.723703	0.005170	15.5
1833	-0.912631	106.690590	0.013093	15.5
1834	-0.504299	106.657505	0.008372	15.6
1835	-0.955640	106.624446	0.009501	15.7
1836	-1.085334	106.591415	0.011365	15.6
1837	-0.392910	106.558411	0.004639	15.5
1838	-0.894360	106.525435	0.011627	15.4
1839	-0.733412	106.492485	0.009409	15.6
1840	-0.416355	106.459563	0.003957	15.6
1841	-0.573660	106.426668	0.005015	15.7
1842	-0.419930	106.393800	0.006179	15.8
1843	-1.150173	106.360959	0.015068	16.2
1844	-0.610905	106.328145	0.009772	15.6
1845	-0.559110	106.295358	0.005549	15.7
1846	-0.624871	106.262598	0.008014	15.7
1847	-0.841017	106.229865	0.008466	15.5
1848	-0.212650	106.197158	0.005008	15.8
1849	-0.361339	106.164479	0.009629	15.7
1850	-1.022954	106.131826	0.011593	15.6
1851	-1.110452	106.099201	0.008971	15.7
1852	-0.611260	106.066602	0.008722	15.6
1853	-0.745234	106.034029	0.011695	15.6
1854	-0.827498	106.001483	0.011148	15.7
1855	-0.525437	105.968964	0.006967	15.9
1856	-0.768588	105.936472	0.009565	15.9
1857	-0.617776	105.904006	0.005910	15.6
1858	-0.947974	105.871566	0.008146	15.5
1859	-0.656075	105.839153	0.007941	15.5
1860	-1.217016	105.806767	0.012723	15.6
1861	-0.698547	105.774407	0.008316	15.7
1862	-0.527294	105.742073	0.004408	15.6
1863	-0.973131	105.709766	0.009232	15.6
1864	-0.000237	105.677485	0.000571	15.6
1865	-0.103633	105.645230	0.003122	15.5
1866	-0.077946	105.613001	0.003556	15.3
1867	-0.758519	105.580799	0.010586	15.7
1868	-0.617375	105.548623	0.005748	15.8
1869	-0.845029	105.516473	0.008831	16.0
1870	-0.413262	105.484349	0.004409	15.5
1871	-0.892059	105.452251	0.009366	15.6
1872	-1.143012	105.420179	0.014298	15.6
1873	-0.875247	105.388133	0.010750	15.7
1874	-0.971047	105.356113	0.010426	15.6
1875	-0.631495	105.324119	0.007014	15.6
1876	-0.477774	105.292151	0.006708	15.5
1877	-1.167636	105.260209	0.011029	15.5
1878	-0.635389	105.228293	0.011146	15.6
1879	-0.448708	105.196402	0.005147	15.6
1880	-0.996781	105.164537	0.011282	15.8
1881	-1.008035	105.132698	0.009703	16.3
1882	-0.690338	105.100885	0.007882	15.6
1883	-0.752948	105.069097	0.008017	15.5
1884	-0.720652	105.037335	0.007838	15.4
1885	-0.800322	105.005598	0.009068	15.7
1886	-0.737240	104.973887	0.010976	15.6
1887	-0.811344	104.942202	0.009667	15.5
1888	-0.772101	104.910542	0.008727	15.6
1889	-0.542205	104.878907	0.007655	15.6
1890	-0.549126	104.847298	0.008438	15.5
1891	-0.690806	104.815715	0.007680	15.6
1892	-0.786880	104.784156	0.008228	15.5
1893	-0.815489	104.752623	0.009739	15.8
1894	-0.960404	104.721116	0.010864	15.9
1895	-0.791194	104.689633	0.010338	16.0
1896	-0.657748	104.658176	0.009672	15.6
1897	-0.603580	104.626744	0.010829	15.6
1898	-0.767399	104.595337	0.007857	15.7
1899	-0.760243	104.563955	0.010392	15.7
1900	-0.524143	104.532599	0.006687	15.6
1901	-0.498434	104.501267	0.006084	15.6
1902	-1.146917	104.469960	0.017760	15.6
1903	-0.875938	104.438679	0.007945	15.6
1904	-0.799029	104.407422	0.008894	15.6
1905	-0.764822	104.376191	0.014913	15.9
1906	-0.687008	104.344984	0.007755	15.9
1907	-0.715751	104.313802	0.009050	15.9
1908	-0.543384	104.282645	0.006374	15.9
1909	-0.325415	104.251513	0.005179	15.7
1910	-1.183343	104.220405	0.013654	15.7
1911	-0.720375	104.189323	0.006657	15.7
1912	-1.049374	104.158265	0.012643	15.9
1913	-0.006379	104.127231	0.002353	15.9
1914	-1.037195	104.096222	0.008323	16.0
1915	-0.840297	104.065238	0.007410	15.6
1916	-0.381534	104.034279	0.004217	15.9
1917	-0.716654	104.003344	0.006778	15.6
1918	-1.031770	103.972433	0.012225	15.8
1919	-0.569326	103.941547	0.007257	15.9
1920	-0.903632	103.910686	0.009275	15.8
1921	-1.144192	103.879849	0.012413	16.0
1922	-0.538216	103.849036	0.007314	15.6
1923	-0.962739	103.818248	0.010387	15.5
1924	-0.762170	103.787484	0.007097	15.7
1925	-0.433919	103.756744	0.004769	15.6
1926	-0.792124	103.726029	0.008648	15.7
1927	-0.714559	103.695338	0.008935	15.5
1928	-1.054813	103.664671	0.011966	15.5
1929	-1.116214	103.634028	0.016042	15.6
1930	-0.875181	103.603409	0.012301	15.4
1931	-0.859760	103.572814	0.011609	15.7
1932	-0.677495	103.542244	0.008013	15.9
1933	-0.937643	103.511698	0.010930	15.9
1934	-0.541531	103.481175	0.006399	16.0
1935	-0.665777	103.450677	0.008452	15.6
1936	-0.797625	103.420202	0.008185	15.6
1937	-1.100016	103.389752	0.010580	15.7
1938	-0.451290	103.359325	0.004315	15.6
1939	-0.613373	103.328922	0.005973	15.5
1940	-1.052550	103.298543	0.012065	15.7
1941	-0.838877	103.268188	0.009308	15.6
1942	-0.382134	103.237857	0.005914	15.6
1943	-0.478819	103.207549	0.005937	15.7
1944	-0.954550	103.177265	0.009047	15.7
1945	-1.104629	103.147005	0.008715	15.8
1946	-0.808935	103.116768	0.011780	15.7
1947	-0.769500	103.086556	0.009866	15.8
1948	-0.825953	103.056366	0.009165	15.4
1949	-0.890872	103.026200	0.008295	15.5
1950	-0.694208	102.996058	0.008448	15.7
1951	-0.838811	102.965939	0.007464	15.6
1952	-0.773909	102.935844	0.008405	15.5
1953	-1.212723	102.905772	0.013494	15.5
1954	-0.242581	102.875724	0.005650	15.6
1955	-0.392081	102.845699	0.006822	15.6
1956	-0.926058	102.815697	0.010350	15.7
1957	-0.745331	102.785719	0.009429	15.6
1958	-0.354332	102.755764	0.003581	15.5
1959	-1.233798	102.725832	0.016089	16.2
1960	-0.591988	102.695924	0.006758	15.7
1961	-0.628211	102.666038	0.007853	15.6
1962	-0.447453	102.636176	0.005642	15.5
1963	-0.605582	102.606337	0.006496	15.6
1964	-1.114529	102.576521	0.010746	15.5
1965	-0.713096	102.546728	0.011303	15.4
1966	-1.124748	102.516959	0.015044	15.7
1967	-0.815751	102.487212	0.010484	15.6
1968	-0.541992	102.457488	0.006538	15.6
1969	-1.088580	102.427788	0.014409	15.7
1970	-1.093169	102.398110	0.013189	15.4
1971	-0.447358	102.368455	0.008836	15.6
1972	-0.331663	102.338823	0.004372	16.0
1973	-0.819751	102.309214	0.007583	16.1
1974	-0.885532	102.279628	0.011778	15.6
1975	-0.737456	102.250064	0.010299	15.6
1976	-0.650994	102.220524	0.009422	15.5
1977	-1.118961	102.191006	0.012429	15.4
1978	-1.133201	102.161511	0.012866	15.5
1979	-0.623386	102.132038	0.006473	15.4
1980	-0.584182	102.102588	0.006533	15.7
1981	-0.793322	102.073161	0.008444	15.5
1982	-0.703622	102.043757	0.006449	15.7
1983	-0.722792	102.014375	0.009498	15.6
1984	-0.814556	101.985015	0.009174	15.7
1985	-0.472345	101.955678	0.004791	16.3
1986	-0.382054	101.926364	0.004326	15.8
1987	-0.703564	101.897072	0.005570	15.5
1988	-0.541500	101.867802	0.006581	15.5
1989	-0.197919	101.838555	0.005014	15.6
1990	-0.514413	101.809330	0.006931	15.6
1991	-0.640033	101.780128	0.008120	15.7
1992	-0.830259	101.750948	0.008843	15.6
1993	-0.967902	101.721790	0.012246	15.7
1994	-1.034859	101.692654	0.009352	15.5
1995	-0.995170	101.663541	0.009877	15.6
1996	-0.488881	101.634450	0.006062	15.4
1997	-1.028282	101.605381	0.015565	16.0
1998	-0.805904	101.576335	0.009333	15.7
1999	-0.307249	101.547310	0.006131	15.8
