1:ItNr	2:Metric	3a:Time	3b:StepSize	4:||Gradient||	Time[ms]
0	-0.733264	0.000000	2.168161	0.034918	1254.7
1	-0.721587	0.000000	2.168161	0.028677	0.9
2	-0.761762	0.998234	2.069775	0.040645	0.9
3	-0.762718	1.838953	1.993585	0.049843	0.8
4	-0.741309	2.829235	1.910736	0.031607	0.8
5	-0.707958	2.309424	1.953347	0.034672	0.9
6	-0.763553	2.495890	1.937845	0.033802	1.0
7	-0.737008	3.495863	1.858738	0.054774	0.9
8	-0.740551	4.495863	1.785834	0.047505	0.8
9	-0.777657	5.495863	1.718434	0.043773	0.8
10	-0.761656	6.495863	1.655936	0.047238	0.8
11	-0.734707	7.495863	1.597824	0.039953	0.8
12	-0.742968	8.495860	1.543653	0.042068	0.9
13	-0.722141	9.429520	1.496290	0.031766	0.8
14	-0.766368	10.221240	1.458346	0.040646	0.8
15	-0.735990	9.698943	1.483158	0.044333	0.8
16	-0.759845	10.693981	1.436594	0.051469	0.8
17	-0.729561	11.693980	1.392654	0.043302	0.9
18	-0.757772	12.665580	1.352461	0.038415	0.8
19	-0.758829	13.665554	1.313448	0.039508	0.8
20	-0.733253	14.659758	1.276828	0.042156	0.8
21	-0.737017	15.406583	1.250636	0.050926	0.8
22	-0.760341	16.406583	1.217202	0.059163	0.8
23	-0.736006	17.406583	1.185510	0.040581	0.8
24	-0.738677	18.406583	1.155426	0.030689	2.3
25	-0.738934	17.973108	1.168277	0.030478	0.8
26	-0.772227	17.907481	1.170248	0.048192	0.9
27	-0.732317	18.907481	1.140924	0.032829	0.8
28	-0.768228	19.907480	1.113033	0.027990	0.8
29	-0.725821	20.703769	1.091781	0.042910	0.8
30	-0.753104	21.677713	1.066866	0.046496	0.8
31	-0.711734	22.677318	1.042449	0.060813	0.8
32	-0.715745	23.677318	1.019116	0.034174	0.8
33	-0.735600	23.155003	1.031172	0.038413	0.9
34	-0.749709	24.155003	1.008335	0.047550	0.8
35	-0.735916	23.632814	1.020133	0.043716	1.0
36	-0.696901	24.628979	0.997861	0.024484	0.9
37	-0.744406	25.628974	0.976461	0.031405	0.8
38	-0.756329	25.106708	0.987522	0.042253	0.8
39	-0.752297	26.061945	0.967478	0.047605	0.8
40	-0.746839	26.307700	0.962452	0.047887	0.8
41	-0.733685	27.051649	0.947551	0.033607	0.8
42	-0.748093	28.051649	0.928234	0.030720	1.2
43	-0.754519	27.535544	0.938104	0.040886	0.9
44	-0.744413	28.535544	0.919166	0.047522	0.9
45	-0.754646	29.535541	0.900978	0.036986	0.8
46	-0.756723	29.016220	0.910332	0.055123	0.8
47	-0.775881	28.508529	0.919668	0.045594	0.8
48	-0.747427	29.508338	0.901463	0.040083	0.9
49	-0.741697	30.508338	0.883961	0.038270	0.9
50	-0.718803	29.986015	0.893017	0.039064	0.8
51	-0.766604	30.986014	0.875839	0.036213	0.8
52	-0.741894	30.464301	0.884718	0.034337	0.8
53	-0.697769	29.942389	0.893782	0.035719	0.8
54	-0.785547	30.809352	0.878826	0.070812	0.9
55	-0.773507	31.809352	0.862184	0.034135	0.8
56	-0.715577	31.287028	0.870797	0.056985	0.8
57	-0.737235	30.769476	0.879503	0.034950	0.8
58	-0.730217	31.769465	0.862836	0.028396	0.9
59	-0.713491	32.692431	0.848004	0.044754	0.8
60	-0.768670	33.692430	0.832499	0.037675	1.0
61	-0.736311	34.692430	0.817551	0.032045	0.9
62	-0.737265	35.149275	0.810899	0.042626	0.9
63	-0.747966	36.142001	0.796811	0.056603	0.9
64	-0.749030	37.140539	0.783126	0.050681	0.8
65	-0.743221	36.618225	0.790225	0.037821	0.8
66	-0.732565	37.555016	0.777583	0.048290	0.8
67	-0.715970	38.555015	0.764526	0.032524	0.8
68	-0.738840	38.043865	0.771145	0.048735	0.8
69	-0.763598	39.042338	0.758321	0.046824	0.8
70	-0.751673	40.042338	0.745898	0.059017	0.8
71	-0.700078	40.994264	0.734445	0.039054	0.8
72	-0.740320	40.471941	0.740686	0.050545	0.8
73	-0.720657	41.471941	0.728829	0.037801	0.9
74	-0.729773	42.471941	0.717347	0.046658	0.9
75	-0.719218	43.471778	0.706222	0.048805	0.8
76	-0.760254	44.471778	0.695435	0.034490	0.8
77	-0.748363	43.959091	0.700924	0.032018	0.9
78	-0.715908	43.507440	0.705832	0.050069	0.8
79	-0.755782	43.051762	0.710853	0.039633	0.9
80	-0.728358	42.529438	0.716697	0.030726	0.9
81	-0.718934	43.528743	0.705599	0.044500	0.9
82	-0.762453	43.007870	0.711340	0.034650	0.9
83	-0.764012	43.911407	0.701439	0.047565	0.9
84	-0.740721	44.854102	0.691398	0.058320	0.9
85	-0.738542	44.331860	0.696925	0.058199	0.8
86	-0.732950	45.313482	0.686608	0.052648	0.8
87	-0.753793	44.791158	0.692059	0.041892	0.9
88	-0.762270	44.298841	0.697277	0.054173	0.9
89	-0.738714	45.298841	0.686760	0.028795	0.9
90	-0.726609	44.776548	0.692213	0.040066	0.8
91	-0.720710	45.775554	0.681857	0.028832	0.9
92	-0.745988	46.580696	0.673734	0.038396	0.9
93	-0.725040	46.058707	0.678978	0.038651	0.8
94	-0.717817	45.877298	0.680820	0.022650	0.8
95	-0.716496	45.373146	0.685991	0.043296	0.9
96	-0.754853	46.127327	0.678284	0.038072	0.8
97	-0.731861	47.127327	0.668328	0.027463	0.8
98	-0.739527	48.127265	0.658660	0.041048	0.8
99	-0.778252	49.127223	0.649268	0.040802	1.1
100	-0.763109	48.604899	0.654141	0.038557	0.9
101	-0.787990	49.603609	0.644888	0.043872	1.0
102	-0.737871	50.603609	0.635881	0.052088	0.8
103	-0.753081	50.081286	0.640554	0.023595	0.9
104	-0.751407	50.360768	0.638045	0.038864	0.9
105	-0.730955	51.278083	0.629947	0.044097	0.8
106	-0.737820	52.278083	0.621351	0.047906	0.9
107	-0.733253	51.761284	0.625764	0.037868	0.8
108	-0.736410	52.761280	0.617280	0.043678	0.8
109	-0.737058	52.268324	0.621433	0.068775	0.9
110	-0.740503	53.268323	0.613066	0.051995	0.8
111	-0.751234	52.745999	0.617408	0.031646	0.9
112	-0.748046	52.704026	0.617760	0.054477	0.8
113	-0.756413	52.381937	0.620471	0.033498	0.9
114	-0.720917	51.859685	0.624919	0.041467	0.8
115	-0.736295	51.664207	0.626600	0.066088	0.9
116	-0.790390	51.141960	0.631136	0.058832	0.8
117	-0.701515	52.141960	0.622507	0.045130	0.9
118	-0.730271	53.141960	0.614111	0.052167	0.8
119	-0.699719	53.329816	0.612559	0.041647	0.9
120	-0.760004	52.807492	0.616894	0.030317	0.9
121	-0.740647	52.513708	0.619359	0.041879	0.8
122	-0.739770	51.992903	0.623778	0.041902	0.8
123	-0.745404	52.992895	0.615348	0.031829	0.9
124	-0.738602	52.470596	0.619723	0.056382	0.8
125	-0.726834	51.965660	0.624011	0.033475	0.8
126	-0.755839	51.497589	0.628040	0.035592	0.8
127	-0.719479	51.316324	0.629614	0.033523	0.8
128	-0.729778	50.797437	0.634164	0.035222	0.8
129	-0.754829	51.797437	0.625453	0.040353	0.8
130	-0.749642	52.797433	0.616978	0.037989	0.8
131	-0.747274	52.275109	0.621376	0.050955	0.9
132	-0.747082	51.752798	0.625837	0.036301	0.9
133	-0.759972	52.752795	0.617351	0.040445	0.8
134	-0.764063	52.230471	0.621755	0.020312	0.8
135	-0.750433	53.193642	0.613683	0.061398	0.8
136	-0.736038	54.193638	0.605522	0.024310	0.8
137	-0.717454	53.678455	0.609699	0.026862	1.0
138	-0.726856	53.459064	0.611496	0.036100	0.8
139	-0.746754	54.063740	0.606570	0.045356	0.9
140	-0.749831	53.586150	0.610454	0.041109	1.0
141	-0.730052	53.063855	0.614759	0.032745	0.8
142	-0.743787	54.062545	0.606579	0.045218	0.8
143	-0.754659	53.540222	0.610830	0.034858	0.8
144	-0.753658	54.540221	0.602744	0.031186	0.8
145	-0.734981	55.206655	0.597473	0.033936	0.9
146	-0.739315	55.722425	0.593456	0.030022	0.8
147	-0.731608	56.677654	0.586158	0.040307	0.8
148	-0.732459	57.347804	0.581144	0.035255	0.9
149	-0.753976	57.009932	0.583661	0.037439	0.8
150	-0.780632	58.007357	0.576293	0.034108	0.8
151	-0.765072	59.007357	0.569090	0.048793	0.8
152	-0.758975	59.904126	0.562782	0.044833	0.9
153	-0.752364	59.381802	0.566439	0.040315	0.8
154	-0.750189	60.047416	0.561787	0.046450	0.8
155	-0.713895	61.047271	0.554941	0.042835	1.9
156	-0.719543	60.538492	0.558404	0.040548	0.9
157	-0.765666	61.534982	0.551662	0.039677	1.0
158	-0.723859	62.534982	0.545058	0.039064	0.9
159	-0.723113	62.779585	0.543466	0.042541	0.8
160	-0.727787	62.257261	0.546876	0.037847	0.8
161	-0.759267	63.256669	0.540389	0.039405	0.8
162	-0.747093	64.254928	0.534062	0.040080	0.9
163	-0.769243	65.243997	0.527937	0.055524	0.8
164	-0.729954	66.243997	0.521886	0.034991	0.8
165	-0.758895	67.243994	0.515971	0.047314	0.9
166	-0.713428	66.721679	0.519044	0.048716	0.8
167	-0.744982	67.721679	0.513193	0.036237	0.8
168	-0.753095	67.199355	0.516233	0.050271	0.9
169	-0.743951	68.196393	0.510462	0.061416	0.8
170	-0.740362	67.674069	0.513469	0.051466	0.8
171	-0.753668	67.151746	0.516511	0.039185	0.8
172	-0.743565	68.151746	0.510718	0.042992	0.8
173	-0.787562	67.701906	0.513308	0.046121	0.8
174	-0.722114	68.557576	0.508404	0.045858	1.0
175	-0.722881	69.538774	0.502894	0.036412	0.8
176	-0.758235	70.538617	0.497401	0.032909	1.0
177	-0.758216	70.039739	0.500126	0.033279	0.9
178	-0.717240	69.538981	0.502893	0.032055	0.9
179	-0.706249	69.194397	0.504814	0.034744	1.6
180	-0.742562	70.185756	0.499326	0.034691	0.9
181	-0.765547	70.974837	0.495042	0.046133	0.9
182	-0.741021	70.452517	0.497869	0.032231	0.8
183	-0.723037	71.451629	0.492489	0.043353	0.8
184	-0.715975	70.929362	0.495287	0.066465	0.8
185	-0.777439	71.929346	0.489957	0.032168	0.8
186	-0.701975	72.929346	0.484741	0.044164	0.8
187	-0.733501	72.559778	0.486656	0.033565	0.8
188	-0.747483	73.559519	0.481510	0.049391	0.8
189	-0.739593	74.552508	0.476506	0.026866	0.8
190	-0.765952	75.551784	0.471575	0.048277	0.8
191	-0.761899	76.526678	0.466861	0.055583	0.8
192	-0.777888	77.518588	0.462160	0.039776	0.8
193	-0.712789	76.996264	0.464624	0.037984	0.8
194	-0.739199	77.977572	0.460017	0.034480	0.9
195	-0.757999	77.459017	0.462440	0.042599	0.9
196	-0.747940	78.459017	0.457790	0.059584	0.9
197	-0.731580	77.936693	0.460207	0.041148	0.9
198	-0.751980	77.432245	0.462566	0.040810	0.8
199	-0.732692	77.251018	0.463419	0.037648	0.9
200	-0.760327	76.728904	0.465895	0.044430	0.9
201	-0.755695	77.283945	0.463264	0.048407	0.9
202	-0.743009	76.761623	0.465739	0.024722	0.9
203	-0.725804	76.895356	0.465103	0.031267	1.0
204	-0.769762	76.828241	0.465422	0.053864	0.8
205	-0.740497	76.306716	0.467916	0.039891	0.9
206	-0.753398	77.306715	0.463156	0.031113	0.8
207	-0.775884	76.784399	0.465630	0.043995	0.8
208	-0.719343	77.784398	0.460917	0.057854	0.8
209	-0.710819	78.018519	0.459827	0.054025	0.8
210	-0.746351	79.005581	0.455288	0.033865	0.8
211	-0.730772	80.005581	0.450781	0.049756	0.8
212	-0.730441	81.005580	0.446362	0.034693	0.8
213	-0.738388	80.483621	0.448657	0.027936	0.8
214	-0.754074	81.455423	0.444402	0.038410	0.8
215	-0.723045	82.455269	0.440107	0.034802	0.8
216	-0.698804	82.305757	0.440744	0.037095	0.8
217	-0.757296	83.305746	0.436518	0.031273	0.8
218	-0.740161	84.094632	0.433242	0.026249	0.8
219	-0.727208	84.212651	0.432756	0.026242	0.8
220	-0.738131	83.925713	0.433939	0.029016	0.8
221	-0.725903	83.580476	0.435372	0.046484	0.8
222	-0.720363	83.067742	0.437517	0.050262	0.8
223	-0.747962	84.067742	0.433353	0.043330	0.8
224	-0.765049	85.067742	0.429267	0.035014	1.0
225	-0.747487	84.547581	0.431383	0.037637	0.8
226	-0.714347	85.547581	0.427334	0.059938	0.8
227	-0.741533	85.025257	0.429439	0.030009	0.8
228	-0.753732	86.023399	0.425434	0.038989	0.8
229	-0.751259	86.916180	0.421914	0.033915	0.8
230	-0.754110	86.393856	0.423966	0.036978	0.8
231	-0.737914	85.893571	0.425951	0.037060	0.8
232	-0.738440	86.893526	0.422003	0.043477	0.8
233	-0.740055	87.874971	0.418199	0.043330	0.8
234	-0.738099	87.352647	0.420215	0.035420	0.8
235	-0.747789	88.352609	0.416372	0.044208	0.8
236	-0.739770	89.350933	0.412605	0.051163	0.9
237	-0.734309	88.828617	0.414568	0.036009	0.8
238	-0.729812	88.306293	0.416549	0.056108	0.8
239	-0.744733	89.306273	0.412772	0.034525	0.8
240	-0.723506	90.283038	0.409149	0.026997	0.8
241	-0.728863	91.215565	0.405749	0.050665	0.8
242	-0.755823	92.215098	0.402167	0.048415	0.8
243	-0.754642	93.215098	0.398646	0.029706	0.8
244	-0.747942	94.215098	0.395186	0.042465	0.8
245	-0.725718	95.091268	0.392203	0.041161	0.8
246	-0.750843	95.865329	0.389606	0.035745	0.8
247	-0.723528	95.659988	0.390291	0.032595	0.8
248	-0.742332	96.432068	0.387725	0.031013	0.8
249	-0.788986	95.921114	0.389420	0.045195	0.8
250	-0.763362	95.398790	0.391167	0.037883	0.8
251	-0.793962	94.880057	0.392918	0.050187	0.8
252	-0.722957	94.358181	0.394696	0.049296	0.8
253	-0.744240	95.356831	0.391308	0.025932	0.8
254	-0.730585	96.356765	0.387974	0.042132	0.8
255	-0.741730	97.200351	0.385205	0.053693	0.8
256	-0.741617	97.324259	0.384802	0.040993	0.8
257	-0.770554	97.531215	0.384130	0.045180	0.8
258	-0.729897	98.530891	0.380917	0.048859	0.8
259	-0.760618	99.530891	0.377757	0.027008	1.0
260	-0.695035	99.381481	0.378226	0.023492	0.8
261	-0.755631	99.106574	0.379092	0.053634	0.8
262	-0.750491	100.106153	0.375963	0.073041	0.8
263	-0.750702	99.583829	0.377591	0.032381	0.8
264	-0.757472	100.583829	0.374486	0.047371	0.8
265	-0.781341	100.061506	0.376101	0.048913	0.9
266	-0.745445	101.056233	0.373036	0.029370	0.8
267	-0.786747	101.861542	0.370591	0.055795	0.8
268	-0.771754	102.861533	0.367599	0.046066	0.8
269	-0.731340	103.861183	0.364656	0.032527	0.8
270	-0.713484	103.339089	0.366187	0.043015	0.8
271	-0.754310	104.339088	0.363266	0.051199	0.8
272	-0.738490	103.816771	0.364786	0.032098	0.8
273	-0.754115	104.580723	0.362567	0.035141	0.8
274	-0.741194	104.310830	0.363348	0.023706	0.8
275	-0.734401	105.290428	0.360529	0.041304	0.8
276	-0.761221	104.768226	0.362026	0.035308	0.8
277	-0.730476	104.253206	0.363515	0.046505	0.8
278	-0.784836	105.238961	0.360676	0.038620	0.9
279	-0.751573	104.716637	0.362175	0.027553	0.8
280	-0.775940	105.365535	0.360315	0.035643	0.8
281	-0.750487	106.330708	0.357584	0.022611	0.8
282	-0.760567	105.815137	0.359037	0.040038	0.8
283	-0.746054	105.297035	0.360510	0.046575	0.8
284	-0.762435	104.774790	0.362007	0.049198	0.8
285	-0.737542	104.252474	0.363517	0.053281	0.8
286	-0.729537	103.730150	0.365039	0.030687	0.8
287	-0.741497	104.730062	0.362136	0.041132	0.8
288	-0.717749	104.208666	0.363644	0.042215	0.8
289	-0.771907	105.207392	0.360766	0.073471	0.8
290	-0.766856	106.207392	0.357930	0.053313	0.8
291	-0.734618	107.207392	0.355139	0.037833	0.8
292	-0.699126	106.685068	0.356591	0.030555	0.8
293	-0.738068	107.091237	0.355461	0.038677	0.8
294	-0.741563	107.950909	0.353091	0.033723	0.8
295	-0.713695	107.656601	0.353899	0.073967	0.9
296	-0.731850	107.135889	0.355337	0.038818	0.9
297	-0.701845	108.135889	0.352585	0.030997	0.9
298	-0.771628	107.613666	0.354017	0.036342	0.9
299	-0.766360	107.091344	0.355460	0.041263	0.8
300	-0.715878	106.569022	0.356916	0.026548	0.8
301	-0.713123	107.569021	0.354140	0.046455	0.8
302	-0.733856	108.528430	0.351517	0.033379	0.8
303	-0.715423	109.501873	0.348894	0.037783	0.8
304	-0.773886	109.191304	0.349727	0.065622	0.8
305	-0.757786	108.668990	0.351135	0.022014	0.8
306	-0.783471	108.650223	0.351186	0.043817	0.9
307	-0.737823	109.231890	0.349618	0.044168	0.8
308	-0.774100	110.231890	0.346954	0.034279	0.8
309	-0.757908	111.182470	0.344459	0.045348	0.9
310	-0.723961	110.661235	0.345822	0.035350	0.8
311	-0.747939	110.907931	0.345175	0.041525	0.8
312	-0.757229	111.905670	0.342584	0.032236	0.8
313	-0.713881	112.864629	0.340130	0.036588	0.8
314	-0.728568	113.863919	0.337610	0.033288	0.9
315	-0.758603	114.852950	0.335152	0.029321	0.9
316	-0.775973	114.482780	0.336068	0.040701	0.8
317	-0.792078	115.473261	0.333629	0.058329	0.9
318	-0.757696	116.003643	0.332337	0.047244	0.8
319	-0.727261	117.003643	0.329929	0.027363	0.8
320	-0.746233	117.776853	0.328091	0.070039	0.8
321	-0.767895	117.280793	0.329268	0.050638	0.8
322	-0.754616	118.280793	0.326904	0.030621	0.9
323	-0.727719	118.373013	0.326687	0.044259	0.8
324	-0.775039	117.945691	0.327692	0.040154	0.8
325	-0.720913	117.425668	0.328923	0.042088	0.8
326	-0.740160	118.207598	0.327075	0.049894	0.8
327	-0.715619	117.685382	0.328307	0.040487	0.8
328	-0.736654	118.684402	0.325959	0.033367	0.8
329	-0.700122	118.162769	0.327181	0.044666	0.8
330	-0.756501	117.663994	0.328358	0.059745	0.8
331	-0.757374	118.663073	0.326009	0.049185	0.8
332	-0.729635	118.140761	0.327233	0.026220	0.8
333	-0.747605	119.137414	0.324905	0.038651	0.8
334	-0.737711	118.953088	0.325333	0.047260	0.8
335	-0.748017	118.430887	0.326552	0.028990	0.8
336	-0.742798	117.908563	0.327780	0.038584	0.8
337	-0.753255	118.908562	0.325437	0.056692	0.8
338	-0.769453	118.386238	0.326656	0.028707	0.8
339	-0.708381	119.386236	0.324329	0.036968	0.8
340	-0.761061	118.864051	0.325540	0.042211	0.8
341	-0.723368	119.864049	0.323229	0.036665	0.8
342	-0.749771	119.342072	0.324431	0.026626	0.8
343	-0.776919	120.181903	0.322502	0.036692	0.8
344	-0.770611	119.659882	0.323698	0.031944	0.8
345	-0.726424	119.137560	0.324905	0.036949	0.8
346	-0.693761	120.136211	0.322606	0.032360	0.8
347	-0.726532	121.136205	0.320336	0.029174	0.8
348	-0.746071	122.124581	0.318124	0.042421	0.8
349	-0.747930	123.113948	0.315940	0.048567	0.8
350	-0.766341	124.111929	0.313767	0.040863	0.8
351	-0.761571	123.589636	0.314901	0.025551	0.8
352	-0.737701	123.336317	0.315453	0.047400	0.8
353	-0.706789	122.854329	0.316510	0.029853	0.8
354	-0.745878	123.728352	0.314599	0.032943	0.9
355	-0.745390	124.556031	0.312810	0.031196	0.9
356	-0.734958	124.033731	0.313937	0.050155	0.8
357	-0.744635	125.033731	0.311787	0.051743	0.8
358	-0.728781	124.511407	0.312906	0.040342	0.8
359	-0.765878	123.989083	0.314033	0.039266	0.8
360	-0.741791	124.988994	0.311882	0.040275	0.8
361	-0.728927	124.466675	0.313002	0.042004	0.8
362	-0.739330	125.251516	0.311322	0.036062	0.9
363	-0.746568	124.891386	0.312091	0.050755	0.8
364	-0.701838	125.891054	0.309967	0.044933	0.9
365	-0.759539	125.491341	0.310813	0.031438	0.8
366	-0.741343	125.041960	0.311769	0.035618	0.8
367	-0.722914	126.039283	0.309655	0.016078	0.8
368	-0.747446	125.793754	0.310173	0.031535	0.8
369	-0.756028	125.349946	0.311113	0.047200	0.8
370	-0.745990	124.829164	0.312224	0.028673	0.9
371	-0.737074	124.319177	0.313320	0.039291	0.8
372	-0.789048	123.801048	0.314441	0.041750	0.8
373	-0.744224	123.287460	0.315560	0.034740	0.8
374	-0.725296	124.287459	0.313388	0.028021	0.9
375	-0.777201	123.827730	0.314383	0.037166	0.8
376	-0.757954	124.517901	0.312892	0.029818	0.9
377	-0.720149	123.995591	0.314019	0.026932	0.8
378	-0.762351	124.992212	0.311875	0.033169	0.8
379	-0.736694	125.982895	0.309773	0.019863	0.8
380	-0.752338	126.553356	0.308576	0.041896	0.8
381	-0.738389	126.035317	0.309663	0.052684	0.8
382	-0.738378	127.035296	0.307571	0.046574	0.8
383	-0.721188	128.035295	0.305507	0.028888	0.8
384	-0.744151	128.974697	0.303594	0.037891	0.8
385	-0.768900	129.974695	0.301583	0.050461	0.8
386	-0.734096	129.452611	0.302629	0.038695	0.8
387	-0.771927	128.930351	0.303684	0.038325	0.8
388	-0.749615	129.930351	0.301672	0.038236	0.8
389	-0.734694	129.604697	0.302324	0.029519	0.9
390	-0.750445	129.088929	0.303363	0.037733	0.8
391	-0.726992	130.060243	0.301412	0.031326	0.8
392	-0.725808	131.055583	0.299439	0.033137	0.8
393	-0.757172	132.054494	0.297485	0.052642	0.8
394	-0.735510	131.536636	0.298495	0.050852	0.8
395	-0.736642	131.014313	0.299520	0.032430	0.8
396	-0.727589	130.529309	0.300479	0.039040	0.8
397	-0.767363	130.048733	0.301435	0.036567	0.8
398	-0.753346	129.526451	0.302481	0.033553	0.8
399	-0.749508	130.525032	0.300488	0.050412	0.8
400	-0.739392	130.157321	0.301219	0.048361	0.8
401	-0.742613	129.637434	0.302258	0.028197	0.8
402	-0.758105	130.636943	0.300266	0.050309	0.8
403	-0.717414	131.636854	0.298299	0.048399	0.8
404	-0.718421	131.114530	0.299323	0.022376	0.8
405	-0.746804	132.114523	0.297368	0.047061	0.8
406	-0.729290	132.430694	0.296755	0.037884	0.8
407	-0.743198	133.428965	0.294837	0.040575	0.8
408	-0.747337	132.906641	0.295838	0.057469	0.8
409	-0.736351	132.384317	0.296845	0.042717	0.8
410	-0.716415	133.384317	0.294922	0.029466	0.8
411	-0.734179	134.384313	0.293024	0.060407	0.8
412	-0.756905	133.861990	0.294013	0.032442	0.8
413	-0.747714	133.349607	0.294989	0.032808	1.9
414	-0.755377	134.254259	0.293270	0.063497	0.9
415	-0.706530	133.780392	0.294168	0.042158	0.8
416	-0.723551	133.258122	0.295164	0.041852	0.9
417	-0.753215	134.258120	0.293263	0.040803	0.8
418	-0.720613	133.735797	0.294252	0.046770	0.8
419	-0.758178	134.734948	0.292365	0.028730	0.8
420	-0.755747	135.734947	0.290499	0.056365	0.8
421	-0.718926	135.212630	0.291471	0.042026	0.8
422	-0.725597	136.212630	0.289617	0.062904	0.9
423	-0.716959	137.212630	0.287786	0.027847	0.8
424	-0.759581	138.144330	0.286101	0.059172	0.8
425	-0.754032	139.143905	0.284315	0.052300	0.9
426	-0.741915	138.621899	0.285245	0.055130	0.8
427	-0.726231	138.256279	0.285900	0.029590	0.9
428	-0.736162	139.254070	0.284120	0.032467	0.8
429	-0.720131	140.108939	0.282612	0.027701	1.0
430	-0.735469	141.093310	0.280896	0.022581	1.0
431	-0.753743	141.760690	0.279744	0.026061	0.9
432	-0.739569	142.755371	0.278045	0.047396	0.9
433	-0.782655	142.233052	0.278935	0.046705	0.9
434	-0.755659	143.233052	0.277236	0.051293	0.9
435	-0.737711	144.224528	0.275573	0.044958	0.8
436	-0.712495	143.702204	0.276447	0.040380	0.8
437	-0.750445	143.179884	0.277326	0.046432	0.8
438	-0.719336	144.179878	0.275647	0.053706	0.8
439	-0.756894	143.665099	0.276509	0.035799	0.8
440	-0.734364	144.665069	0.274840	0.044726	0.8
441	-0.742624	145.664777	0.273191	0.051848	0.8
442	-0.736128	146.664777	0.271562	0.040118	0.8
443	-0.793882	147.219855	0.270666	0.031897	0.8
444	-0.730820	148.219750	0.269067	0.038711	0.8
445	-0.743406	147.789325	0.269753	0.046241	0.8
446	-0.765652	147.457298	0.270284	0.028238	0.8
447	-0.757241	146.935032	0.271125	0.054115	0.8
448	-0.707839	146.414696	0.271968	0.024605	0.8
449	-0.743234	145.957450	0.272713	0.031554	0.8
450	-0.754163	145.439230	0.273562	0.034613	0.8
451	-0.729120	146.134300	0.272424	0.044321	0.8
452	-0.725713	147.134289	0.270804	0.022159	0.8
453	-0.740023	146.694239	0.271514	0.049160	0.8
454	-0.728103	146.226830	0.272273	0.040033	0.8
455	-0.710055	147.201508	0.270695	0.019149	0.8
456	-0.756465	146.722426	0.271469	0.037391	0.8
457	-0.754651	147.690052	0.269912	0.036553	0.8
458	-0.710496	147.238127	0.270637	0.025001	0.8
459	-0.756547	146.715883	0.271479	0.054295	0.8
460	-0.722163	147.715811	0.269870	0.028959	0.8
461	-0.719497	147.433107	0.270323	0.031899	0.8
462	-0.773772	148.432424	0.268729	0.034445	0.8
463	-0.735720	149.431226	0.267154	0.049090	0.8
464	-0.725185	150.431217	0.265596	0.049218	0.8
465	-0.734011	149.908895	0.266407	0.035280	0.8
466	-0.736111	150.904551	0.264864	0.039782	0.8
467	-0.722115	151.622870	0.263762	0.025628	0.8
468	-0.783036	151.139412	0.264503	0.035919	0.8
469	-0.744872	152.139240	0.262976	0.029206	0.8
470	-0.733191	152.253907	0.262801	0.031455	0.8
471	-0.743186	151.736169	0.263589	0.030176	0.8
472	-0.763595	151.222117	0.264376	0.020309	0.9
473	-0.731857	150.707393	0.265168	0.045251	0.9
474	-0.724359	151.397690	0.264107	0.055127	0.9
475	-0.731892	152.397690	0.262584	0.047208	0.8
476	-0.725809	151.875366	0.263377	0.021808	0.8
477	-0.736093	152.875274	0.261862	0.040461	0.8
478	-0.735486	152.352964	0.262651	0.027050	0.8
479	-0.754530	151.830650	0.263445	0.056509	0.8
480	-0.748741	151.308381	0.264244	0.041250	0.8
481	-0.734612	150.837121	0.264968	0.052539	0.8
482	-0.732425	150.317024	0.265773	0.046686	0.8
483	-0.740079	151.317024	0.264230	0.032956	0.8
484	-0.738341	152.316942	0.262706	0.036259	0.8
485	-0.753269	153.115147	0.261502	0.023058	0.8
486	-0.724587	154.114636	0.260009	0.043404	0.8
487	-0.773520	153.629119	0.260732	0.042621	0.8
488	-0.728377	154.629118	0.259247	0.029013	0.8
489	-0.732965	154.129720	0.259987	0.034921	0.8
490	-0.752499	153.770513	0.260521	0.056683	0.9
491	-0.748928	154.764906	0.259047	0.050087	0.8
492	-0.753646	154.242582	0.259819	0.034420	0.8
493	-0.756176	153.727492	0.260585	0.043686	0.8
494	-0.749951	153.248561	0.261301	0.035150	0.8
495	-0.761126	152.726246	0.262087	0.025171	0.8
496	-0.750527	152.751591	0.262049	0.032798	0.8
497	-0.743588	152.231635	0.262835	0.052250	0.8
498	-0.733862	153.231634	0.261327	0.052562	0.8
499	-0.723094	152.768158	0.262024	0.039687	0.8
